0 17 2.94579e-08 42 0 36 1.81293e-08 0 1 
1 16 0.285713 42 0 0 0.714287 36 4.75872e-08 
2 16 0.571425 42 0 0 0.428575 36 4.75872e-08 
3 16 0.857138 42 0 0 0.142862 36 4.75872e-08 
4 1 0.142862 60 0 16 0.857138 21 4.75872e-08 
5 1 0.428575 60 0 16 0.571425 21 4.75872e-08 
6 1 0.714287 60 0 16 0.285713 21 4.75872e-08 
7 1 1 60 0 16 1.81293e-08 21 4.75872e-08 
8 17 0.666658 42 0 36 1.81293e-08 0 0.333342 
9 17 0.380945 42 0 36 0.285713 0 0.333342 
10 17 0.0952326 42 0 36 0.571425 0 0.333342 
11 16 0.19048 42 0 0 0.142862 36 0.666658 
12 21 0.142862 16 0.333342 36 0.523796 42 2.22045e-16 
13 21 0.428575 16 0.333342 36 0.238083 42 2.22045e-16 
14 1 0.0476293 60 0 16 0.285713 21 0.666658 
15 1 0.333342 60 0 16 1.81293e-08 21 0.666658 
16 2 0.333342 26 0 25 1.81293e-08 17 0.666658 
17 2 0.0476293 26 0 25 0.285713 17 0.666658 
18 17 0.428575 25 0.333342 36 0.238083 56 2.22045e-16 
19 17 0.142862 25 0.333342 36 0.523796 56 1.11022e-16 
20 25 0.19048 56 0 6 0.142862 36 0.666658 
21 21 0.0952326 56 0 36 0.571425 6 0.333342 
22 21 0.380945 56 0 36 0.285713 6 0.333342 
23 21 0.666658 56 0 36 1.81293e-08 6 0.333342 
24 2 1 26 0 25 1.81293e-08 17 4.75872e-08 
25 2 0.714287 26 0 25 0.285713 17 4.75872e-08 
26 2 0.428575 26 0 25 0.571425 17 4.75872e-08 
27 2 0.142862 26 0 25 0.857138 17 4.75872e-08 
28 25 0.857138 56 0 6 0.142862 36 4.75872e-08 
29 25 0.571425 56 0 6 0.428575 36 4.75872e-08 
30 25 0.285713 56 0 6 0.714287 36 4.75872e-08 
31 21 2.94579e-08 56 0 36 1.81293e-08 6 1 
32 16 1.81293e-08 42 4.75872e-08 18 0.196617 0 0.803383 
33 16 0.285713 42 4.75872e-08 18 0.196617 0 0.51767 
34 16 0.571425 42 4.75872e-08 18 0.196617 0 0.231957 
35 16 0.803383 37 0.0537552 18 0.142862 45 4.75872e-08 
36 1 0.142862 60 4.75872e-08 37 0.196617 16 0.660521 
37 1 0.428575 60 4.75872e-08 37 0.196617 16 0.374808 
38 1 0.714287 60 4.75872e-08 37 0.196617 16 0.0890955 
39 1 0.803383 48 4.75872e-08 22 0.196617 37 1.81293e-08 
40 17 0.470041 42 0.196617 36 1.81293e-08 0 0.333342 
41 17 0.184328 42 0.196617 36 0.285713 0 0.333342 
42 16 0.101385 42 0.196617 0 0.231957 36 0.470041 
43 21 0.0537553 16 0.333342 36 0.416286 42 0.196617 
44 21 0.339479 16 0.333342 36 0.130562 42 0.196617 
45 60 0.155151 21 0.470041 42 0.0414662 16 0.333342 
46 1 0.244246 60 0.196617 16 0.0890955 21 0.470041 
47 1 0.333342 60 1.81293e-08 21 0.470041 48 0.196617 
48 2 0.136725 26 0.196617 25 1.81293e-08 17 0.666658 
49 26 0.0476293 17 0.666658 56 0.148988 25 0.136725 
50 17 0.428575 25 0.136725 36 0.238083 56 0.196617 
51 17 0.142862 25 0.136725 36 0.523796 56 0.196617 
52 21 0.00613712 56 0.196617 36 0.660521 6 0.136725 
53 21 0.29185 56 0.196617 36 0.374808 6 0.136725 
54 21 0.577562 56 0.196617 36 0.0890955 6 0.136725 
55 21 0.666658 56 1.81293e-08 6 0.136725 29 0.196617 
56 2 0.803383 26 0.196617 25 1.81293e-08 17 4.75872e-08 
57 2 0.51767 26 0.196617 25 0.285713 17 4.75872e-08 
58 2 0.231957 26 0.196617 25 0.571425 17 4.75872e-08 
59 26 0.142862 17 4.75872e-08 56 0.0537553 25 0.803383 
60 25 0.660521 56 0.196617 6 0.142862 36 4.75872e-08 
61 25 0.374808 56 0.196617 6 0.428575 36 4.75872e-08 
62 25 0.0890955 56 0.196617 6 0.714287 36 4.75872e-08 
63 21 4.75872e-08 56 1.81293e-08 6 0.803383 29 0.196617 
64 16 1.81293e-08 42 4.75872e-08 18 0.393234 0 0.606766 
65 16 0.285713 42 4.75872e-08 18 0.393234 0 0.321053 
66 16 0.571425 42 4.75872e-08 18 0.393234 0 0.0353402 
67 16 0.606766 37 0.250372 18 0.142862 45 4.75872e-08 
68 1 0.142862 60 4.75872e-08 37 0.393234 16 0.463904 
69 1 0.428575 60 4.75872e-08 37 0.393234 16 0.178191 
70 1 0.606766 48 4.75872e-08 22 0.107522 37 0.285713 
71 1 0.606766 48 4.75872e-08 22 0.393234 37 1.81293e-08 
72 17 0.273424 42 0.393234 36 1.81293e-08 0 0.333342 
73 16 0.0122891 42 0.393234 0 0.321053 36 0.273424 
74 16 0.298002 42 0.393234 0 0.0353402 36 0.273424 
75 21 0.250372 16 0.333342 36 0.0230512 42 0.393234 
76 60 0.262673 21 0.273424 42 0.130562 16 0.333342 
77 1 0.155151 60 0.393234 16 0.178191 21 0.273424 
78 1 0.333342 60 0.285713 21 0.273424 48 0.107522 
79 1 0.333342 60 1.81293e-08 21 0.273424 48 0.393234 
80 26 0.333342 17 0.606766 42 0.0598924 56 1.81293e-08 
81 26 0.0476293 17 0.606766 42 0.0598924 56 0.285713 
82 17 0.368682 42 0.0598924 56 0.333342 36 0.238083 
83 17 0.0829695 42 0.0598924 56 0.333342 36 0.523796 
84 21 0.202754 56 0.333342 42 0.0598924 36 0.404011 
85 21 0.488467 56 0.333342 42 0.0598924 36 0.118299 
86 48 0.0598924 21 0.606766 29 0.0476293 56 0.285713 
87 48 0.0598924 21 0.606766 29 0.333342 56 1.81293e-08 
88 2 0.606766 26 0.393234 25 1.81293e-08 17 4.75872e-08 
89 2 0.321053 26 0.393234 25 0.285713 17 4.75872e-08 
90 2 0.0353402 26 0.393234 25 0.571425 17 4.75872e-08 
91 26 0.142862 17 4.75872e-08 56 0.250373 25 0.606766 
92 25 0.463904 56 0.393234 6 0.142862 36 4.75872e-08 
93 25 0.178191 56 0.393234 6 0.428575 36 4.75872e-08 
94 21 4.75872e-08 56 0.285713 6 0.606766 29 0.107522 
95 21 4.75872e-08 56 1.81293e-08 6 0.606766 29 0.393234 
96 16 1.81293e-08 42 4.75872e-08 18 0.589852 0 0.410148 
97 16 0.285713 42 4.75872e-08 18 0.589852 0 0.124436 
98 16 0.410148 37 0.161277 18 0.428575 45 4.75872e-08 
99 16 0.410148 37 0.44699 18 0.142862 45 4.75872e-08 
100 1 0.142862 60 4.75872e-08 37 0.589852 16 0.267287 
101 1 0.410148 48 4.75872e-08 22 0.0184261 37 0.571425 
102 1 0.410148 48 4.75872e-08 22 0.304139 37 0.285713 
103 1 0.410148 48 4.75872e-08 22 0.589851 37 1.81293e-08 
104 17 0.0768064 42 0.589852 36 1.81293e-08 0 0.333342 
105 16 0.208906 42 0.589852 0 0.124436 36 0.0768065 
106 60 0.0844705 21 0.0768065 42 0.505381 16 0.333342 
107 60 0.370183 21 0.0768065 42 0.219668 16 0.333342 
108 1 0.0660555 60 0.589852 16 0.267287 21 0.0768065 
109 1 0.333342 60 0.571425 21 0.0768065 48 0.0184262 
110 1 0.333342 60 0.285713 21 0.0768065 48 0.304139 
111 1 0.333342 60 1.81293e-08 21 0.0768065 48 0.589852 
112 26 0.333342 17 0.410148 42 0.25651 56 1.81293e-08 
113 26 0.0476293 17 0.410148 42 0.25651 56 0.285713 
114 17 0.172065 42 0.25651 56 0.333342 36 0.238083 
115 21 0.113648 56 0.333342 42 0.25651 36 0.296501 
116 21 0.399371 56 0.333342 42 0.25651 36 0.0107769 
117 60 0.238083 48 0.0184262 56 0.333342 21 0.410148 
118 48 0.25651 21 0.410148 29 0.0476293 56 0.285713 
119 48 0.25651 21 0.410148 29 0.333342 56 1.81293e-08 
120 2 0.410148 26 0.589852 25 1.81293e-08 17 4.75872e-08 
121 2 0.124436 26 0.589852 25 0.285713 17 4.75872e-08 
122 26 0.428575 17 4.75872e-08 56 0.161277 25 0.410148 
123 26 0.142862 17 4.75872e-08 56 0.44699 25 0.410148 
124 25 0.267286 56 0.589852 6 0.142862 36 4.75872e-08 
125 21 4.75872e-08 56 0.571425 6 0.410148 29 0.0184262 
126 21 4.75872e-08 56 0.285713 6 0.410148 29 0.304139 
127 21 4.75872e-08 56 1.81293e-08 6 0.410148 29 0.589852 
128 16 1.81293e-08 42 4.75872e-08 18 0.786469 0 0.213531 
129 16 0.213531 37 0.0721814 18 0.714287 45 4.75872e-08 
130 16 0.213531 37 0.357894 18 0.428575 45 4.75872e-08 
131 16 0.213531 37 0.643607 18 0.142862 45 4.75872e-08 
132 1 0.142862 60 4.75872e-08 37 0.786469 16 0.0706693 
133 1 0.213531 48 4.75872e-08 22 0.215043 37 0.571425 
134 1 0.213531 48 4.75872e-08 22 0.500756 37 0.285713 
135 1 0.213531 48 4.75872e-08 22 0.786469 37 1.81293e-08 
136 16 1.81293e-08 42 0.666658 18 0.119811 0 0.213531 
137 16 0.285713 42 0.594477 45 0.0721815 18 0.0476293 
138 60 0.238083 16 0.333342 42 0.308764 45 0.119811 
139 60 0.523796 16 0.333342 42 0.0230512 45 0.119811 
140 1 0.142862 60 0.666658 37 0.119811 16 0.0706693 
141 1 0.213531 60 0.451615 48 0.215043 37 0.119811 
142 1 0.213531 60 0.165902 48 0.500756 37 0.119811 
143 1 0.213531 48 0.666658 22 0.119811 37 1.81293e-08 
144 26 0.333342 17 0.213531 42 0.453127 56 1.81293e-08 
145 26 0.0476293 17 0.213531 42 0.453127 56 0.285713 
146 21 0.0245522 56 0.333342 42 0.453127 36 0.188979 
147 60 0.0967336 21 0.213531 56 0.333342 42 0.356393 
148 60 0.382457 21 0.213531 56 0.333342 42 0.0706693 
149 60 0.238083 48 0.215043 56 0.333342 21 0.213531 
150 48 0.453127 21 0.213531 29 0.0476293 56 0.285713 
151 48 0.453127 21 0.213531 29 0.333342 56 1.81293e-08 
152 2 0.213531 26 0.786469 25 1.81293e-08 17 4.75872e-08 
153 26 0.714287 17 4.75872e-08 56 0.0721815 25 0.213531 
154 26 0.428575 17 4.75872e-08 56 0.357894 25 0.213531 
155 26 0.142862 17 4.75872e-08 56 0.643607 25 0.213531 
156 25 0.0706693 56 0.786469 6 0.142862 36 4.75872e-08 
157 21 4.75872e-08 56 0.571425 6 0.213531 29 0.215043 
158 21 4.75872e-08 56 0.285713 6 0.213531 29 0.500756 
159 21 4.75872e-08 56 1.81293e-08 6 0.213531 29 0.786469 
160 16 1.81293e-08 42 4.75872e-08 18 0.983086 0 0.016914 
161 16 0.0169141 37 0.268799 18 0.714287 45 4.75872e-08 
162 16 0.0169141 37 0.554511 18 0.428575 45 4.75872e-08 
163 16 0.0169141 37 0.840224 18 0.142862 45 4.75872e-08 
164 1 0.0169141 48 4.75872e-08 22 0.125948 37 0.857138 
165 1 0.0169141 48 4.75872e-08 22 0.41166 37 0.571425 
166 1 0.0169141 48 4.75872e-08 22 0.697373 37 0.285713 
167 1 0.0169141 48 4.75872e-08 22 0.983086 37 1.81293e-08 
168 16 1.81293e-08 42 0.666658 18 0.316428 0 0.016914 
169 16 0.285713 42 0.397859 45 0.268799 18 0.0476293 
170 60 0.238083 16 0.333342 42 0.112147 45 0.316428 
171 60 0.523796 16 0.159776 45 0.142862 37 0.173566 
172 1 0.0169141 60 0.54071 48 0.125948 37 0.316428 
173 1 0.0169141 60 0.254997 48 0.411661 37 0.316428 
174 1 0.0169141 48 0.666658 22 0.0307152 37 0.285713 
175 1 0.0169141 48 0.666658 22 0.316428 37 1.81293e-08 
176 26 0.333342 17 0.0169141 42 0.649744 56 1.81293e-08 
177 26 0.0476293 17 0.0169141 42 0.649744 56 0.285713 
178 60 0.204255 21 0.0169141 56 0.333342 42 0.445489 
179 60 0.489968 21 0.0169141 56 0.333342 42 0.159776 
180 60 0.523796 48 0.125948 56 0.333342 21 0.0169141 
181 60 0.238083 48 0.411661 56 0.333342 21 0.0169141 
182 48 0.649744 21 0.0169141 29 0.0476293 56 0.285713 
183 48 0.649744 21 0.0169141 29 0.333342 56 1.81293e-08 
184 2 0.016914 26 0.983086 25 1.81293e-08 17 4.75872e-08 
185 26 0.714287 17 4.75872e-08 56 0.268799 25 0.016914 
186 26 0.428575 17 4.75872e-08 56 0.554511 25 0.016914 
187 26 0.142862 17 4.75872e-08 56 0.840224 25 0.016914 
188 21 4.75872e-08 56 0.857138 6 0.016914 29 0.125948 
189 21 4.75872e-08 56 0.571425 6 0.016914 29 0.411661 
190 21 4.75872e-08 56 0.285713 6 0.016914 29 0.697373 
191 21 4.75872e-08 56 1.81293e-08 6 0.0169141 29 0.983086 
192 37 1.81293e-08 45 4.75872e-08 3 0.179703 18 0.820297 
193 37 0.285713 45 4.75872e-08 3 0.179703 18 0.534584 
194 37 0.571425 45 4.75872e-08 3 0.179703 18 0.248871 
195 37 0.820297 62 4.75872e-08 38 0.0368412 3 0.142862 
196 37 0.677435 22 0.142862 38 0.179703 49 4.75872e-08 
197 37 0.391722 22 0.428575 38 0.179703 49 4.75872e-08 
198 37 0.10601 22 0.714287 38 0.179703 49 4.75872e-08 
199 22 0.820297 49 4.75872e-08 7 0.179703 38 1.81293e-08 
200 16 1.81293e-08 42 0.486955 45 0.179703 18 0.333342 
201 16 0.285713 42 0.201242 45 0.465416 18 0.0476293 
202 60 0.238083 16 0.248871 45 0.428575 37 0.0844705 
203 60 0.450114 37 0.370183 45 0.142862 55 0.0368412 
204 60 0.16439 37 0.513045 55 0.179703 48 0.142862 
205 37 0.391722 48 0.428575 62 0.121323 55 0.0583803 
206 48 0.486955 37 0.285713 49 0.179703 22 0.0476293 
207 48 0.486955 37 1.81293e-08 49 0.179703 22 0.333342 
208 26 0.153639 10 0.179703 56 1.81293e-08 42 0.666658 
209 60 0.132074 10 0.179703 42 0.534584 56 0.153639 
210 60 0.417787 10 0.179703 42 0.248871 56 0.153639 
211 60 0.666658 10 0.142862 56 0.153639 55 0.0368412 
212 60 0.523796 48 0.142862 55 0.179703 56 0.153639 
213 60 0.238083 48 0.428575 55 0.179703 56 0.153639 
214 48 0.666658 55 0.179703 56 0.10601 29 0.0476293 
215 48 0.666658 55 1.81293e-08 29 0.153639 13 0.179703 
216 26 0.820297 10 0.179703 56 1.81293e-08 42 4.75872e-08 
217 26 0.534584 10 0.179703 56 0.285713 42 4.75872e-08 
218 26 0.248871 10 0.179703 56 0.571425 42 4.75872e-08 
219 60 4.75872e-08 10 0.142862 56 0.820297 55 0.0368412 
220 48 4.75872e-08 55 0.179703 56 0.677435 29 0.142862 
221 48 4.75872e-08 55 0.179703 56 0.391722 29 0.428575 
222 48 4.75872e-08 55 0.179703 56 0.10601 29 0.714287 
223 48 4.75872e-08 55 1.81293e-08 29 0.820297 13 0.179703 
224 37 1.81293e-08 45 4.75872e-08 3 0.37632 18 0.62368 
225 37 0.285713 45 4.75872e-08 3 0.37632 18 0.337967 
226 37 0.571425 45 4.75872e-08 3 0.37632 18 0.0522543 
227 37 0.62368 62 4.75872e-08 38 0.233458 3 0.142862 
228 37 0.480818 22 0.142862 38 0.37632 49 4.75872e-08 
229 37 0.195105 22 0.428575 38 0.37632 49 4.75872e-08 
230 22 0.62368 49 4.75872e-08 7 0.0906075 38 0.285713 
231 22 0.62368 49 4.75872e-08 7 0.37632 38 1.81293e-08 
232 16 1.81293e-08 42 0.290338 45 0.37632 18 0.333342 
233 16 0.285713 42 0.004625 45 0.662033 18 0.0476293 
234 60 0.238083 16 0.0522543 45 0.428575 37 0.281088 
235 60 0.0568793 37 0.5668 45 0.142862 55 0.233458 
236 37 0.480818 48 0.142862 62 0.228844 55 0.147476 
237 48 0.290338 37 0.333342 62 0.238083 49 0.138237 
238 48 0.290338 37 0.285713 49 0.37632 22 0.0476293 
239 48 0.290338 37 1.81293e-08 49 0.37632 22 0.333342 
240 60 1.81293e-08 10 0.333342 45 0.0429783 42 0.62368 
241 60 0.285713 10 0.333342 45 0.0429783 42 0.337967 
242 60 0.571425 10 0.333342 45 0.0429783 42 0.0522543 
243 60 0.62368 10 0.0998836 55 0.233458 45 0.0429783 
244 60 0.437839 37 0.0429783 55 0.37632 48 0.142862 
245 60 0.152127 37 0.0429783 55 0.37632 48 0.428575 
246 48 0.62368 55 0.242734 13 0.0906076 62 0.0429783 
247 48 0.62368 13 0.333342 49 0.0429783 62 1.81293e-08 
248 26 0.62368 10 0.37632 56 1.81293e-08 42 4.75872e-08 
249 26 0.337967 10 0.37632 56 0.285713 42 4.75872e-08 
250 26 0.0522543 10 0.37632 56 0.571425 42 4.75872e-08 
251 60 4.75872e-08 10 0.142862 56 0.62368 55 0.233458 
252 48 4.75872e-08 55 0.37632 56 0.480818 29 0.142862 
253 48 4.75872e-08 55 0.37632 56 0.195105 29 0.428575 
254 48 4.75872e-08 55 0.285713 29 0.62368 13 0.0906076 
255 48 4.75872e-08 55 1.81293e-08 29 0.62368 13 0.37632 
256 37 1.81293e-08 45 4.75872e-08 3 0.572937 18 0.427062 
257 37 0.285713 45 4.75872e-08 3 0.572937 18 0.14135 
258 37 0.427063 62 4.75872e-08 38 0.144363 3 0.428575 
259 37 0.427063 62 4.75872e-08 38 0.430076 3 0.142862 
260 37 0.284201 22 0.142862 38 0.572937 49 4.75872e-08 
261 22 0.427063 49 4.75872e-08 7 0.00151201 38 0.571425 
262 22 0.427063 49 4.75872e-08 7 0.287225 38 0.285713 
263 22 0.427063 49 4.75872e-08 7 0.572937 38 1.81293e-08 
264 16 1.81293e-08 42 0.0937205 45 0.572938 18 0.333342 
265 16 0.0937205 37 0.191992 18 0.0476293 45 0.666658 
266 37 0.427063 45 0.428575 55 0.0937205 62 0.0506424 
267 37 0.427063 45 0.142862 55 0.0937205 62 0.336355 
268 48 0.0937205 37 0.333342 62 0.523796 49 0.0491414 
269 48 0.0937206 37 0.333342 62 0.238083 49 0.334854 
270 48 0.0937206 37 0.285713 49 0.572937 22 0.0476293 
271 48 0.0937206 37 1.81293e-08 49 0.572937 22 0.333342 
272 60 1.81293e-08 10 0.333342 45 0.239596 42 0.427062 
273 60 0.285713 10 0.333342 45 0.239596 42 0.14135 
274 60 0.427063 10 0.188979 55 0.144363 45 0.239596 
275 60 0.330329 37 0.0967336 45 0.142862 55 0.430076 
276 60 0.0446051 37 0.239595 55 0.572937 48 0.142862 
277 48 0.427063 55 0.33183 13 0.00151206 62 0.239595 
278 48 0.427063 55 0.0461172 13 0.287225 62 0.239595 
279 48 0.427063 13 0.333342 49 0.239595 62 1.81293e-08 
280 26 0.427062 10 0.572937 56 1.81293e-08 42 4.75872e-08 
281 26 0.14135 10 0.572937 56 0.285713 42 4.75872e-08 
282 60 4.75872e-08 10 0.428575 56 0.427062 55 0.144363 
283 60 4.75872e-08 10 0.142862 56 0.427062 55 0.430076 
284 48 4.75872e-08 55 0.572937 56 0.284201 29 0.142862 
285 48 4.75872e-08 55 0.571425 29 0.427062 13 0.00151206 
286 48 4.75872e-08 55 0.285713 29 0.427063 13 0.287225 
287 48 4.75872e-08 55 1.81293e-08 29 0.427063 13 0.572937 
288 37 1.81293e-08 45 4.75872e-08 3 0.769555 18 0.230445 
289 37 0.230445 62 4.75872e-08 38 0.0552673 3 0.714287 
290 37 0.230445 62 4.75872e-08 38 0.34098 3 0.428575 
291 37 0.230445 62 4.75872e-08 38 0.626693 3 0.142862 
292 37 0.0875835 22 0.142862 38 0.769555 49 4.75872e-08 
293 22 0.230445 49 4.75872e-08 7 0.198129 38 0.571425 
294 22 0.230445 49 4.75872e-08 7 0.483842 38 0.285713 
295 22 0.230445 49 4.75872e-08 7 0.769555 38 1.81293e-08 
296 37 1.81293e-08 45 0.666658 3 0.102897 18 0.230445 
297 37 0.230445 45 0.611391 62 0.0552674 3 0.102897 
298 37 0.230445 45 0.325678 62 0.34098 3 0.102897 
299 37 0.230445 45 0.0399653 62 0.626693 3 0.102897 
300 37 0.230445 62 0.523796 49 0.142862 38 0.102897 
301 37 0.230445 62 0.238083 49 0.428575 38 0.102897 
302 37 0.182816 22 0.0476293 38 0.102897 49 0.666658 
303 22 0.230445 49 0.666658 7 0.102897 38 1.81293e-08 
304 60 1.81293e-08 10 0.333342 45 0.436213 42 0.230445 
305 60 0.230445 10 0.278075 55 0.0552674 45 0.436213 
306 60 0.222807 37 0.00763808 45 0.428575 55 0.34098 
307 37 0.230445 45 0.142862 55 0.563787 62 0.0629054 
308 37 0.0875834 48 0.142862 62 0.348629 55 0.420925 
309 48 0.230445 55 0.135213 13 0.198129 62 0.436213 
310 48 0.230445 13 0.333342 49 0.1505 62 0.285713 
311 48 0.230445 13 0.333342 49 0.436213 62 1.81293e-08 
312 26 0.230445 10 0.769555 56 1.81293e-08 42 4.75872e-08 
313 60 4.75872e-08 10 0.714287 56 0.230445 55 0.0552674 
314 60 4.75872e-08 10 0.428575 56 0.230445 55 0.34098 
315 60 4.75872e-08 10 0.142862 56 0.230445 55 0.626693 
316 48 4.75872e-08 55 0.769555 56 0.0875834 29 0.142862 
317 48 4.75872e-08 55 0.571425 29 0.230445 13 0.198129 
318 48 4.75872e-08 55 0.285713 29 0.230445 13 0.483842 
319 48 4.75872e-08 55 1.81293e-08 29 0.230445 13 0.769555 
320 37 1.81293e-08 45 4.75872e-08 3 0.966172 18 0.0338281 
321 37 0.0338281 62 4.75872e-08 38 0.251885 3 0.714287 
322 37 0.0338282 62 4.75872e-08 38 0.537597 3 0.428575 
323 37 0.0338282 62 4.75872e-08 38 0.82331 3 0.142862 
324 22 0.0338282 49 4.75872e-08 7 0.109034 38 0.857138 
325 22 0.0338282 49 4.75872e-08 7 0.394746 38 0.571425 
326 22 0.0338282 49 4.75872e-08 7 0.680459 38 0.285713 
327 22 0.0338282 49 4.75872e-08 7 0.966172 38 1.81293e-08 
328 37 1.81293e-08 45 0.666658 3 0.299514 18 0.0338281 
329 37 0.0338281 45 0.414773 62 0.251885 3 0.299514 
330 37 0.0338282 45 0.129061 62 0.537597 3 0.299514 
331 37 0.0338282 62 0.666658 38 0.156652 3 0.142862 
332 37 0.0338282 62 0.523796 49 0.142862 38 0.299514 
333 37 0.0338282 62 0.238083 49 0.428575 38 0.299514 
334 22 0.0338282 49 0.666658 7 0.0138011 38 0.285713 
335 22 0.0338282 49 0.666658 7 0.299514 38 1.81293e-08 
336 60 1.81293e-08 10 0.333342 45 0.63283 42 0.0338281 
337 60 0.0338281 10 0.0814574 55 0.251885 45 0.63283 
338 37 0.0338282 45 0.428575 55 0.36717 62 0.170427 
339 37 0.0338282 45 0.142862 55 0.36717 62 0.45614 
340 48 0.0338282 55 0.224308 13 0.109034 62 0.63283 
341 48 0.0338282 13 0.333342 49 0.0614044 62 0.571425 
342 48 0.0338282 13 0.333342 49 0.347117 62 0.285713 
343 48 0.0338282 13 0.333342 49 0.63283 62 1.81293e-08 
344 26 0.0338281 10 0.966172 56 1.81293e-08 42 4.75872e-08 
345 60 4.75872e-08 10 0.714287 56 0.0338281 55 0.251885 
346 60 4.75872e-08 10 0.428575 56 0.0338281 55 0.537597 
347 60 4.75872e-08 10 0.142862 56 0.0338281 55 0.82331 
348 48 4.75872e-08 55 0.857138 29 0.0338281 13 0.109034 
349 48 4.75872e-08 55 0.571425 29 0.0338281 13 0.394746 
350 48 4.75872e-08 55 0.285713 29 0.0338281 13 0.680459 
351 48 4.75872e-08 55 1.81293e-08 29 0.0338282 13 0.966172 
352 19 0.102742 59 1.81293e-08 47 2.94579e-08 3 0.897258 
353 41 0.102742 62 4.75872e-08 3 0.714287 38 0.182971 
354 41 0.102742 62 4.75872e-08 3 0.428575 38 0.468683 
355 41 0.102742 62 4.75872e-08 3 0.142862 38 0.754396 
356 23 0.102742 49 4.75872e-08 38 0.857138 7 0.0401198 
357 23 0.102742 49 4.75872e-08 38 0.571425 7 0.325832 
358 23 0.102742 49 4.75872e-08 38 0.285713 7 0.611545 
359 23 0.102742 49 4.75872e-08 38 1.81293e-08 7 0.897258 
360 59 1.81293e-08 3 0.333342 45 0.563916 47 0.102742 
361 62 0.182971 3 0.333342 45 0.380945 59 0.102742 
362 62 0.468683 3 0.333342 45 0.0952326 59 0.102742 
363 41 0.102742 62 0.666658 3 0.142862 38 0.087738 
364 23 0.102742 49 0.0401198 62 0.626538 38 0.2306 
365 23 0.102742 49 0.325833 62 0.340826 38 0.2306 
366 23 0.102742 49 0.611545 62 0.0551128 38 0.2306 
367 23 0.102742 49 0.666658 38 1.81293e-08 7 0.2306 
368 50 1.81293e-08 45 0.666658 10 0.2306 27 0.102742 
369 55 0.182971 45 0.666658 10 0.0476293 50 0.102742 
370 62 0.135341 30 0.102742 45 0.531317 55 0.2306 
371 62 0.421054 30 0.102742 45 0.245604 55 0.2306 
372 13 0.0401198 62 0.666658 55 0.19048 30 0.102742 
373 54 0.0952326 13 0.325833 30 0.00750948 62 0.571425 
374 54 0.102742 13 0.333342 62 0.285713 49 0.278203 
375 54 0.102742 13 0.333342 62 1.81293e-08 49 0.563916 
376 50 1.81293e-08 45 4.75872e-08 10 0.897258 27 0.102742 
377 55 0.182971 45 4.75872e-08 10 0.714287 50 0.102742 
378 55 0.468683 45 4.75872e-08 10 0.428575 50 0.102742 
379 55 0.754396 45 4.75872e-08 10 0.142862 50 0.102742 
380 13 0.0401198 62 4.75872e-08 55 0.857138 30 0.102742 
381 13 0.325833 62 4.75872e-08 55 0.571425 30 0.102742 
382 13 0.611545 62 4.75872e-08 55 0.285713 30 0.102742 
383 54 2.94579e-08 13 0.897258 30 0.102742 62 1.81293e-08 
384 19 0.226834 59 1.81293e-08 47 2.94579e-08 3 0.773166 
385 41 0.226834 62 4.75872e-08 3 0.714287 38 0.0588782 
386 41 0.226834 62 4.75872e-08 3 0.428575 38 0.344591 
387 41 0.226834 62 4.75872e-08 3 0.142862 38 0.630304 
388 23 0.142862 41 0.0839725 38 0.773166 62 4.75872e-08 
389 23 0.226834 49 4.75872e-08 38 0.571425 7 0.20174 
390 23 0.226834 49 4.75872e-08 38 0.285713 7 0.487453 
391 23 0.226834 49 4.75872e-08 38 1.81293e-08 7 0.773166 
392 59 1.81293e-08 3 0.333342 45 0.439824 47 0.226834 
393 62 0.0588783 3 0.333342 45 0.380945 59 0.226834 
394 62 0.344591 3 0.333342 45 0.0952326 59 0.226834 
395 41 0.19048 62 0.630304 59 0.0363544 3 0.142862 
396 23 0.142862 41 0.0839725 38 0.106508 62 0.666658 
397 23 0.226834 49 0.20174 62 0.464918 38 0.106508 
398 23 0.226834 49 0.487453 62 0.179205 38 0.106508 
399 23 0.226834 49 0.666658 38 1.81293e-08 7 0.106508 
400 50 1.81293e-08 45 0.666658 10 0.106508 27 0.226834 
401 55 0.0588783 45 0.666658 10 0.0476293 50 0.226834 
402 62 0.011249 30 0.226834 45 0.655409 55 0.106508 
403 62 0.296962 30 0.226834 45 0.369696 55 0.106508 
404 62 0.582686 30 0.226834 45 0.0839725 55 0.106508 
405 54 0.0952326 13 0.20174 30 0.131602 62 0.571425 
406 54 0.226834 13 0.333342 62 0.285713 49 0.154111 
407 54 0.226834 13 0.333342 62 1.81293e-08 49 0.439824 
408 50 1.81293e-08 45 4.75872e-08 10 0.773166 27 0.226834 
409 55 0.0588783 45 4.75872e-08 10 0.714287 50 0.226834 
410 55 0.344591 45 4.75872e-08 10 0.428575 50 0.226834 
411 55 0.630304 45 4.75872e-08 10 0.142862 50 0.226834 
412 30 0.142862 55 0.773166 50 0.0839725 45 4.75872e-08 
413 13 0.20174 62 4.75872e-08 55 0.571425 30 0.226834 
414 13 0.487453 62 4.75872e-08 55 0.285713 30 0.226834 
415 54 2.94579e-08 13 0.773166 30 0.226834 62 1.81293e-08 
416 19 0.350927 59 1.81293e-08 47 2.94579e-08 3 0.649073 
417 19 0.065214 59 4.75872e-08 3 0.649073 41 0.285713 
418 41 0.350927 62 4.75872e-08 3 0.428575 38 0.220499 
419 41 0.350927 62 4.75872e-08 3 0.142862 38 0.506211 
420 23 0.142862 41 0.208065 38 0.649073 62 4.75872e-08 
421 23 0.350927 49 4.75872e-08 38 0.571425 7 0.0776478 
422 23 0.350927 49 4.75872e-08 38 0.285713 7 0.363361 
423 23 0.350927 49 4.75872e-08 38 1.81293e-08 7 0.649073 
424 59 1.81293e-08 3 0.333342 45 0.315731 47 0.350927 
425 59 0.285713 3 0.333342 45 0.315731 47 0.065214 
426 62 0.220499 3 0.333342 45 0.0952326 59 0.350927 
427 41 0.19048 62 0.506211 59 0.160447 3 0.142862 
428 54 0.0175847 23 0.125277 62 0.649073 41 0.208065 
429 54 0.0175847 23 0.333342 49 0.0776479 62 0.571425 
430 54 0.0175847 23 0.333342 49 0.363361 62 0.285713 
431 54 0.0175847 23 0.333342 49 0.649073 62 1.81293e-08 
432 51 1.81293e-08 47 0.0175847 45 0.649073 27 0.333342 
433 51 0.0175848 50 0.268128 27 0.0476293 45 0.666658 
434 30 0.220499 59 0.0175848 45 0.649073 50 0.112843 
435 62 0.172869 30 0.333342 59 0.0175848 45 0.476204 
436 62 0.458593 30 0.333342 59 0.0175847 45 0.19048 
437 54 0.0952326 13 0.0776479 30 0.255694 62 0.571425 
438 54 0.350927 13 0.333342 62 0.285713 49 0.0300186 
439 54 0.350927 13 0.333342 62 1.81293e-08 49 0.315731 
440 50 1.81293e-08 45 4.75872e-08 10 0.649073 27 0.350927 
441 50 0.285713 45 4.75872e-08 10 0.649073 27 0.065214 
442 55 0.220499 45 4.75872e-08 10 0.428575 50 0.350927 
443 55 0.506211 45 4.75872e-08 10 0.142862 50 0.350927 
444 30 0.142862 55 0.649073 50 0.208065 45 4.75872e-08 
445 13 0.0776479 62 4.75872e-08 55 0.571425 30 0.350927 
446 13 0.363361 62 4.75872e-08 55 0.285713 30 0.350927 
447 54 2.94579e-08 13 0.649073 30 0.350927 62 1.81293e-08 
448 19 0.475019 59 1.81293e-08 47 2.94579e-08 3 0.524981 
449 19 0.189306 59 4.75872e-08 3 0.524981 41 0.285713 
450 41 0.475019 62 4.75872e-08 3 0.428575 38 0.0964063 
451 41 0.475019 62 4.75872e-08 3 0.142862 38 0.382119 
452 23 0.142862 41 0.332157 38 0.524981 62 4.75872e-08 
453 23 0.428575 41 0.0464444 38 0.524981 62 4.75872e-08 
454 23 0.475019 49 4.75872e-08 38 0.285713 7 0.239268 
455 23 0.475019 49 4.75872e-08 38 1.81293e-08 7 0.524981 
456 59 1.81293e-08 3 0.333342 45 0.191639 47 0.475019 
457 59 0.285713 3 0.333342 45 0.191639 47 0.189306 
458 62 0.0964063 3 0.333342 45 0.0952326 59 0.475019 
459 41 0.19048 62 0.382119 59 0.284539 3 0.142862 
460 54 0.141677 23 0.00118486 62 0.524981 41 0.332157 
461 54 0.141677 23 0.286898 62 0.524981 41 0.0464444 
462 54 0.141677 23 0.333342 49 0.239268 62 0.285713 
463 54 0.141677 23 0.333342 49 0.524981 62 1.81293e-08 
464 51 1.81293e-08 47 0.141677 45 0.524981 27 0.333342 
465 51 0.141677 50 0.144036 27 0.0476293 45 0.666658 
466 30 0.0964063 59 0.141677 45 0.524981 50 0.236936 
467 62 0.0487771 30 0.333342 59 0.141677 45 0.476204 
468 62 0.334501 30 0.333342 59 0.141677 45 0.19048 
469 54 0.0487882 41 0.0464444 62 0.524981 30 0.379786 
470 54 0.380945 13 0.239268 30 0.0940737 62 0.285713 
471 54 0.475019 13 0.333342 62 1.81293e-08 49 0.191639 
472 50 1.81293e-08 45 4.75872e-08 10 0.524981 27 0.475019 
473 50 0.285713 45 4.75872e-08 10 0.524981 27 0.189306 
474 55 0.0964063 45 4.75872e-08 10 0.428575 50 0.475019 
475 55 0.382119 45 4.75872e-08 10 0.142862 50 0.475019 
476 30 0.142862 55 0.524981 50 0.332157 45 4.75872e-08 
477 30 0.428575 55 0.524981 50 0.0464444 45 4.75872e-08 
478 13 0.239268 62 4.75872e-08 55 0.285713 30 0.475019 
479 54 2.94579e-08 13 0.524981 30 0.475019 62 1.81293e-08 
480 19 0.599111 59 1.81293e-08 47 2.94579e-08 3 0.400889 
481 19 0.313399 59 4.75872e-08 3 0.400889 41 0.285713 
482 19 0.027686 59 4.75872e-08 3 0.400889 41 0.571425 
483 41 0.599111 62 4.75872e-08 3 0.142862 38 0.258027 
484 23 0.142862 41 0.456249 38 0.400889 62 4.75872e-08 
485 23 0.428575 41 0.170537 38 0.400889 62 4.75872e-08 
486 23 0.599111 49 4.75872e-08 38 0.285713 7 0.115176 
487 23 0.599111 49 4.75872e-08 38 1.81293e-08 7 0.400889 
488 59 1.81293e-08 3 0.333342 45 0.0675467 47 0.599111 
489 59 0.285713 3 0.333342 45 0.0675467 47 0.313399 
490 59 0.571425 3 0.333342 45 0.0675467 47 0.027686 
491 41 0.19048 62 0.258027 59 0.408631 3 0.142862 
492 54 0.0199545 41 0.456249 62 0.400889 30 0.122907 
493 54 0.265769 23 0.162805 62 0.400889 41 0.170537 
494 54 0.265769 23 0.333342 49 0.115176 62 0.285713 
495 54 0.265769 23 0.333342 49 0.400889 62 1.81293e-08 
496 51 1.81293e-08 47 0.265769 45 0.400889 27 0.333342 
497 51 0.265769 50 0.0199433 27 0.0476293 45 0.666658 
498 59 0.238083 51 0.027686 45 0.428575 50 0.305656 
499 30 0.258027 59 0.265769 45 0.400889 50 0.0753153 
500 62 0.210409 30 0.333342 59 0.265769 45 0.19048 
501 41 0.0952326 62 0.400889 30 0.428575 59 0.0753041 
502 54 0.380945 13 0.115176 30 0.218166 62 0.285713 
503 54 0.599111 13 0.333342 62 1.81293e-08 49 0.0675467 
504 50 1.81293e-08 45 4.75872e-08 10 0.400889 27 0.599111 
505 50 0.285713 45 4.75872e-08 10 0.400889 27 0.313399 
506 50 0.571425 45 4.75872e-08 10 0.400889 27 0.027686 
507 55 0.258027 45 4.75872e-08 10 0.142862 50 0.599111 
508 30 0.142862 55 0.400889 50 0.456249 45 4.75872e-08 
509 30 0.428575 55 0.400889 50 0.170537 45 4.75872e-08 
510 13 0.115176 62 4.75872e-08 55 0.285713 30 0.599111 
511 54 2.94579e-08 13 0.400889 30 0.599111 62 1.81293e-08 
512 19 0.723204 59 1.81293e-08 47 2.94579e-08 3 0.276796 
513 19 0.437491 59 4.75872e-08 3 0.276796 41 0.285713 
514 19 0.151778 59 4.75872e-08 3 0.276796 41 0.571425 
515 41 0.723204 62 4.75872e-08 3 0.142862 38 0.133934 
516 23 0.142862 41 0.580342 38 0.276796 62 4.75872e-08 
517 23 0.428575 41 0.294629 38 0.276796 62 4.75872e-08 
518 23 0.714287 41 0.00891635 38 0.276796 62 4.75872e-08 
519 23 0.723204 49 4.75872e-08 38 1.81293e-08 7 0.276796 
520 19 0.0565456 59 1.81293e-08 47 0.666658 3 0.276796 
521 19 0.0565456 59 0.285713 47 0.380945 3 0.276796 
522 19 0.0565456 59 0.571425 47 0.0952326 3 0.276796 
523 41 0.19048 62 0.133934 59 0.532724 3 0.142862 
524 41 0.476204 62 0.276796 30 0.142862 59 0.104138 
525 54 0.389862 23 0.0387129 62 0.276796 41 0.294629 
526 54 0.389862 23 0.324426 62 0.276796 41 0.00891635 
527 54 0.389862 23 0.333342 49 0.276796 62 1.81293e-08 
528 51 1.81293e-08 47 0.389862 45 0.276796 27 0.333342 
529 51 0.285713 47 0.104149 45 0.562509 27 0.0476293 
530 59 0.238083 51 0.151778 45 0.428575 50 0.181564 
531 30 0.133934 59 0.389862 45 0.276796 50 0.199408 
532 62 0.0863163 30 0.333342 59 0.389862 45 0.19048 
533 41 0.0952326 62 0.276796 30 0.428575 59 0.199396 
534 54 0.372029 41 0.00891635 62 0.276796 30 0.342258 
535 54 0.666658 13 0.276796 30 0.0565456 62 1.81293e-08 
536 50 1.81293e-08 45 4.75872e-08 10 0.276796 27 0.723204 
537 50 0.285713 45 4.75872e-08 10 0.276796 27 0.437491 
538 50 0.571425 45 4.75872e-08 10 0.276796 27 0.151778 
539 55 0.133934 45 4.75872e-08 10 0.142862 50 0.723204 
540 30 0.142862 55 0.276796 50 0.580342 45 4.75872e-08 
541 30 0.428575 55 0.276796 50 0.294629 45 4.75872e-08 
542 30 0.714287 55 0.276796 50 0.0089163 45 4.75872e-08 
543 54 2.94579e-08 13 0.276796 30 0.723204 62 1.81293e-08 
544 19 0.847296 59 1.81293e-08 47 2.94579e-08 3 0.152704 
545 19 0.561583 59 4.75872e-08 3 0.152704 41 0.285713 
546 19 0.275871 59 4.75872e-08 3 0.152704 41 0.571425 
547 41 0.847296 62 4.75872e-08 3 0.142862 38 0.00984206 
548 23 0.142862 41 0.704434 38 0.152704 62 4.75872e-08 
549 23 0.428575 41 0.418721 38 0.152704 62 4.75872e-08 
550 23 0.714287 41 0.133009 38 0.152704 62 4.75872e-08 
551 23 0.847296 49 4.75872e-08 38 1.81293e-08 7 0.152704 
552 19 0.180638 59 1.81293e-08 47 0.666658 3 0.152704 
553 19 0.180638 59 0.285713 47 0.380945 3 0.152704 
554 19 0.180638 59 0.571425 47 0.0952326 3 0.152704 
555 41 0.19048 62 0.00984211 59 0.656816 3 0.142862 
556 41 0.476204 62 0.152704 30 0.142862 59 0.22823 
557 54 0.343195 41 0.418721 62 0.152704 30 0.0853794 
558 54 0.513954 23 0.200333 62 0.152704 41 0.133009 
559 54 0.513954 23 0.333342 49 0.152704 62 1.81293e-08 
560 51 1.81293e-08 47 0.513954 45 0.152704 27 0.333342 
561 51 0.285713 47 0.228241 45 0.438417 27 0.0476293 
562 59 0.238083 51 0.275871 45 0.428575 50 0.0574714 
563 30 0.00984211 59 0.513954 45 0.152704 50 0.3235 
564 30 0.295566 59 0.513954 45 0.152704 50 0.037776 
565 41 0.0952326 62 0.152704 30 0.428575 59 0.323489 
566 54 0.247937 41 0.133009 62 0.152704 30 0.466351 
567 54 0.666658 13 0.152704 30 0.180638 62 1.81293e-08 
568 50 1.81293e-08 45 4.75872e-08 10 0.152704 27 0.847296 
569 50 0.285713 45 4.75872e-08 10 0.152704 27 0.561583 
570 50 0.571425 45 4.75872e-08 10 0.152704 27 0.275871 
571 55 0.00984211 45 4.75872e-08 10 0.142862 50 0.847296 
572 30 0.142862 55 0.152704 50 0.704434 45 4.75872e-08 
573 30 0.428575 55 0.152704 50 0.418721 45 4.75872e-08 
574 30 0.714287 55 0.152704 50 0.133009 45 4.75872e-08 
575 54 2.94579e-08 13 0.152704 30 0.847296 62 1.81293e-08 
576 19 0.971393 59 1.81293e-08 47 2.94579e-08 3 0.0286069 
577 19 0.68568 59 4.75872e-08 3 0.0286069 41 0.285713 
578 19 0.399968 59 4.75872e-08 3 0.0286069 41 0.571425 
579 19 0.114255 59 4.75872e-08 3 0.0286069 41 0.857138 
580 23 0.142862 41 0.828531 38 0.0286068 62 4.75872e-08 
581 23 0.428575 41 0.542819 38 0.0286068 62 4.75872e-08 
582 23 0.714287 41 0.257106 38 0.0286068 62 4.75872e-08 
583 23 0.971393 49 4.75872e-08 38 1.81293e-08 7 0.0286068 
584 19 0.304735 59 1.81293e-08 47 0.666658 3 0.0286069 
585 19 0.304735 59 0.285713 47 0.380945 3 0.0286069 
586 19 0.304735 59 0.571425 47 0.0952326 3 0.0286069 
587 19 0.114255 59 0.666658 3 0.0286069 41 0.19048 
588 41 0.476204 62 0.0286069 30 0.142862 59 0.352327 
589 54 0.219098 41 0.542819 62 0.0286069 30 0.209477 
590 54 0.638051 23 0.0762362 62 0.0286069 41 0.257106 
591 54 0.638051 23 0.333342 49 0.0286069 62 1.81293e-08 
592 51 1.81293e-08 47 0.638051 45 0.0286069 27 0.333342 
593 51 0.285713 47 0.352338 45 0.31432 27 0.0476293 
594 59 0.238083 51 0.333342 47 0.0666257 45 0.361949 
595 59 0.523796 51 0.114255 45 0.142862 50 0.219087 
596 30 0.171469 59 0.638051 45 0.0286069 50 0.161873 
597 41 0.0952326 62 0.0286069 30 0.428575 59 0.447586 
598 54 0.123839 41 0.257106 62 0.0286069 30 0.590448 
599 54 0.666658 13 0.0286069 30 0.304735 62 1.81293e-08 
600 50 1.81293e-08 45 4.75872e-08 10 0.0286069 27 0.971393 
601 50 0.285713 45 4.75872e-08 10 0.0286068 27 0.68568 
602 50 0.571425 45 4.75872e-08 10 0.0286068 27 0.399968 
603 50 0.857138 45 4.75872e-08 10 0.0286068 27 0.114255 
604 30 0.142862 55 0.0286068 50 0.828531 45 4.75872e-08 
605 30 0.428575 55 0.0286068 50 0.542818 45 4.75872e-08 
606 30 0.714287 55 0.0286068 50 0.257106 45 4.75872e-08 
607 54 2.94579e-08 13 0.0286069 30 0.971393 62 1.81293e-08 
608 4 0.0954854 58 1.81293e-08 46 2.94579e-08 19 0.904515 
609 40 0.0954854 19 0.714287 41 0.190227 59 4.75872e-08 
610 40 0.0954854 19 0.428575 41 0.47594 59 4.75872e-08 
611 40 0.0954854 19 0.142862 41 0.761653 59 4.75872e-08 
612 8 0.0954854 54 4.75872e-08 41 0.857138 23 0.0473764 
613 8 0.0954854 54 4.75872e-08 41 0.571425 23 0.333089 
614 8 0.0954854 54 4.75872e-08 41 0.285713 23 0.618802 
615 8 0.0954854 54 4.75872e-08 41 1.81293e-08 23 0.904515 
616 19 0.333342 46 0.0954854 47 0.571173 51 1.81293e-08 
617 19 0.428827 59 0.190227 51 0.0954854 47 0.28546 
618 58 0.000252793 19 0.428575 59 0.47594 51 0.0952326 
619 40 0.0954854 19 0.142862 41 0.0949946 59 0.666658 
620 41 0.380718 53 0.0954854 59 0.47642 30 0.0473765 
621 54 0.0950058 41 0.571425 30 0.238083 53 0.0954854 
622 8 0.0476293 54 0.618802 53 0.0478561 41 0.285713 
623 8 0.0954854 54 0.666658 41 1.81293e-08 23 0.237857 
624 51 1.81293e-08 47 0.666658 27 0.237857 11 0.0954854 
625 51 0.285713 47 0.476431 45 0.190227 27 0.0476293 
626 59 0.238083 51 0.333342 47 0.190718 45 0.237857 
627 59 0.523796 51 0.238347 45 0.142862 50 0.0949946 
628 30 0.0473765 59 0.666658 50 0.19048 14 0.0954854 
629 53 0.0952326 30 0.333089 14 0.000252798 59 0.571425 
630 41 0.28546 53 0.0954854 59 0.00025281 30 0.618802 
631 54 0.571173 41 1.81293e-08 30 0.333342 53 0.0954854 
632 51 1.81293e-08 47 4.75872e-08 27 0.904515 11 0.0954854 
633 51 0.0954855 50 0.190227 27 0.714287 45 4.75872e-08 
634 51 0.0954855 50 0.47594 27 0.428575 45 4.75872e-08 
635 51 0.0954855 50 0.761653 27 0.142862 45 4.75872e-08 
636 30 0.0473765 59 4.75872e-08 50 0.857138 14 0.0954854 
637 30 0.333089 59 4.75872e-08 50 0.571425 14 0.0954854 
638 30 0.618802 59 4.75872e-08 50 0.285713 14 0.0954854 
639 53 2.94579e-08 30 0.904515 14 0.0954854 59 1.81293e-08 
640 4 0.219578 58 1.81293e-08 46 2.94579e-08 19 0.780422 
641 40 0.219578 19 0.714287 41 0.0661349 59 4.75872e-08 
642 40 0.219578 19 0.428575 41 0.351848 59 4.75872e-08 
643 40 0.219578 19 0.142862 41 0.63756 59 4.75872e-08 
644 40 0.0767158 53 4.75872e-08 41 0.780422 8 0.142862 
645 8 0.219578 54 4.75872e-08 41 0.571425 23 0.208997 
646 8 0.219578 54 4.75872e-08 41 0.285713 23 0.49471 
647 8 0.219578 54 4.75872e-08 41 1.81293e-08 23 0.780422 
648 19 0.333342 46 0.219578 47 0.44708 51 1.81293e-08 
649 19 0.55292 59 0.066135 51 0.219578 47 0.161368 
650 58 0.124345 19 0.428575 59 0.351848 51 0.0952326 
651 58 0.0290977 40 0.19048 59 0.63756 19 0.142862 
652 40 0.0767158 53 0.142862 59 0.523796 41 0.256626 
653 41 0.542339 53 0.219578 59 0.0290865 30 0.208997 
654 8 0.0476293 54 0.49471 53 0.171948 41 0.285713 
655 8 0.219578 54 0.666658 41 1.81293e-08 23 0.113764 
656 51 1.81293e-08 47 0.666658 27 0.113764 11 0.219578 
657 51 0.285713 47 0.600523 45 0.066135 27 0.0476293 
658 59 0.238083 51 0.333342 47 0.31481 45 0.113764 
659 59 0.523796 51 0.333342 47 0.0290977 45 0.113764 
660 14 0.142862 59 0.666658 50 0.113764 51 0.0767158 
661 53 0.0952326 30 0.208997 14 0.124345 59 0.571425 
662 41 0.161368 53 0.219578 59 0.124345 30 0.49471 
663 54 0.44708 41 1.81293e-08 30 0.333342 53 0.219578 
664 51 1.81293e-08 47 4.75872e-08 27 0.780422 11 0.219578 
665 51 0.219578 50 0.0661349 27 0.714287 45 4.75872e-08 
666 51 0.219578 50 0.351848 27 0.428575 45 4.75872e-08 
667 51 0.219578 50 0.63756 27 0.142862 45 4.75872e-08 
668 14 0.142862 59 4.75872e-08 50 0.780422 51 0.0767158 
669 30 0.208997 59 4.75872e-08 50 0.571425 14 0.219578 
670 30 0.49471 59 4.75872e-08 50 0.285713 14 0.219578 
671 53 2.94579e-08 30 0.780422 14 0.219578 59 1.81293e-08 
672 4 0.34367 58 1.81293e-08 46 2.94579e-08 19 0.65633 
673 4 0.0579573 58 4.75872e-08 19 0.65633 40 0.285713 
674 40 0.34367 19 0.428575 41 0.227755 59 4.75872e-08 
675 40 0.34367 19 0.142862 41 0.513468 59 4.75872e-08 
676 40 0.200808 53 4.75872e-08 41 0.65633 8 0.142862 
677 8 0.34367 54 4.75872e-08 41 0.571425 23 0.0849045 
678 8 0.34367 54 4.75872e-08 41 0.285713 23 0.370617 
679 8 0.34367 54 4.75872e-08 41 1.81293e-08 23 0.65633 
680 19 0.333342 46 0.34367 47 0.322988 51 1.81293e-08 
681 19 0.619055 46 0.0579573 47 0.0372753 51 0.285713 
682 58 0.248437 19 0.428575 59 0.227755 51 0.0952326 
683 58 0.15319 40 0.19048 59 0.513468 19 0.142862 
684 40 0.200808 53 0.142862 59 0.523796 41 0.132534 
685 41 0.418247 53 0.34367 59 0.153179 30 0.0849046 
686 8 0.0476293 54 0.370617 53 0.296041 41 0.285713 
687 8 0.333342 54 0.65633 53 0.0103281 41 1.81293e-08 
688 46 0.010328 51 1.81293e-08 11 0.333342 47 0.65633 
689 46 0.010328 51 0.285713 11 0.0476293 47 0.65633 
690 19 0.010328 59 0.227755 51 0.34367 47 0.418247 
691 19 0.010328 59 0.513468 51 0.34367 47 0.132534 
692 58 0.0103281 14 0.142862 51 0.19048 59 0.65633 
693 53 0.0952326 30 0.0849046 14 0.248437 59 0.571425 
694 41 0.0372753 53 0.34367 59 0.248437 30 0.370617 
695 54 0.322988 41 1.81293e-08 30 0.333342 53 0.34367 
696 51 1.81293e-08 47 4.75872e-08 27 0.65633 11 0.34367 
697 51 0.285713 47 4.75872e-08 27 0.65633 11 0.0579573 
698 51 0.34367 50 0.227755 27 0.428575 45 4.75872e-08 
699 51 0.34367 50 0.513468 27 0.142862 45 4.75872e-08 
700 14 0.142862 59 4.75872e-08 50 0.65633 51 0.200808 
701 30 0.0849046 59 4.75872e-08 50 0.571425 14 0.34367 
702 30 0.370617 59 4.75872e-08 50 0.285713 14 0.34367 
703 53 2.94579e-08 30 0.65633 14 0.34367 59 1.81293e-08 
704 4 0.467762 58 1.81293e-08 46 2.94579e-08 19 0.532238 
705 4 0.18205 58 4.75872e-08 19 0.532238 40 0.285713 
706 40 0.467762 19 0.428575 41 0.103663 59 4.75872e-08 
707 40 0.467762 19 0.142862 41 0.389376 59 4.75872e-08 
708 40 0.3249 53 4.75872e-08 41 0.532238 8 0.142862 
709 40 0.0391877 53 4.75872e-08 41 0.532238 8 0.428575 
710 8 0.467762 54 4.75872e-08 41 0.285713 23 0.246525 
711 8 0.467762 54 4.75872e-08 41 1.81293e-08 23 0.532238 
712 19 0.333342 46 0.467762 47 0.198896 51 1.81293e-08 
713 58 0.086817 19 0.532238 51 0.198896 46 0.18205 
714 58 0.37253 19 0.428575 59 0.103663 51 0.0952326 
715 58 0.277282 40 0.19048 59 0.389376 19 0.142862 
716 40 0.3249 53 0.142862 59 0.523796 41 0.00844156 
717 40 0.0391877 53 0.428575 59 0.238083 41 0.294154 
718 8 0.0476293 54 0.246525 53 0.420133 41 0.285713 
719 8 0.333342 54 0.532238 53 0.13442 41 1.81293e-08 
720 46 0.13442 51 1.81293e-08 11 0.333342 47 0.532238 
721 46 0.13442 51 0.285713 11 0.0476293 47 0.532238 
722 19 0.13442 59 0.103663 51 0.467762 47 0.294154 
723 19 0.13442 59 0.389376 51 0.467762 47 0.00844157 
724 58 0.13442 14 0.142862 51 0.19048 59 0.532238 
725 58 0.0391877 14 0.333342 59 0.532238 53 0.0952326 
726 53 0.380945 30 0.246525 14 0.086817 59 0.285713 
727 54 0.198896 41 1.81293e-08 30 0.333342 53 0.467762 
728 51 1.81293e-08 47 4.75872e-08 27 0.532238 11 0.467762 
729 51 0.285713 47 4.75872e-08 27 0.532238 11 0.18205 
730 51 0.467762 50 0.103663 27 0.428575 45 4.75872e-08 
731 51 0.467762 50 0.389376 27 0.142862 45 4.75872e-08 
732 14 0.142862 59 4.75872e-08 50 0.532238 51 0.3249 
733 14 0.428575 59 4.75872e-08 50 0.532238 51 0.0391877 
734 30 0.246525 59 4.75872e-08 50 0.285713 14 0.467762 
735 53 2.94579e-08 30 0.532238 14 0.467762 59 1.81293e-08 
736 4 0.591855 58 1.81293e-08 46 2.94579e-08 19 0.408145 
737 4 0.306142 58 4.75872e-08 19 0.408145 40 0.285713 
738 4 0.0204292 58 4.75872e-08 19 0.408145 40 0.571425 
739 40 0.591855 19 0.142862 41 0.265283 59 4.75872e-08 
740 40 0.448993 53 4.75872e-08 41 0.408145 8 0.142862 
741 40 0.16328 53 4.75872e-08 41 0.408145 8 0.428575 
742 8 0.591855 54 4.75872e-08 41 0.285713 23 0.122433 
743 8 0.591855 54 4.75872e-08 41 1.81293e-08 23 0.408145 
744 19 0.333342 46 0.591855 47 0.0748034 51 1.81293e-08 
745 58 0.210909 19 0.408145 51 0.0748034 46 0.306142 
746 58 0.496622 19 0.408145 51 0.0748034 46 0.0204292 
747 58 0.401375 40 0.19048 59 0.265283 19 0.142862 
748 58 0.115651 40 0.333342 53 0.142862 59 0.408145 
749 40 0.16328 53 0.428575 59 0.238083 41 0.170062 
750 8 0.0476293 54 0.122433 53 0.544225 41 0.285713 
751 8 0.333342 54 0.408145 53 0.258513 41 1.81293e-08 
752 46 0.258513 51 1.81293e-08 11 0.333342 47 0.408145 
753 46 0.258513 51 0.285713 11 0.0476293 47 0.408145 
754 19 0.238083 46 0.0204292 47 0.170062 51 0.571425 
755 58 0.115651 19 0.142862 59 0.265283 51 0.476204 
756 58 0.258513 14 0.142862 51 0.19048 59 0.408145 
757 58 0.16328 14 0.333342 59 0.408145 53 0.0952326 
758 53 0.380945 30 0.122433 14 0.210909 59 0.285713 
759 54 0.0748033 41 1.81293e-08 30 0.333342 53 0.591855 
760 51 1.81293e-08 47 4.75872e-08 27 0.408145 11 0.591855 
761 51 0.285713 47 4.75872e-08 27 0.408145 11 0.306142 
762 51 0.571425 47 4.75872e-08 27 0.408145 11 0.0204292 
763 51 0.591855 50 0.265283 27 0.142862 45 4.75872e-08 
764 14 0.142862 59 4.75872e-08 50 0.408145 51 0.448993 
765 14 0.428575 59 4.75872e-08 50 0.408145 51 0.16328 
766 30 0.122433 59 4.75872e-08 50 0.285713 14 0.591855 
767 53 2.94579e-08 30 0.408145 14 0.591855 59 1.81293e-08 
768 4 0.715947 58 1.81293e-08 46 2.94579e-08 19 0.284053 
769 4 0.430234 58 4.75872e-08 19 0.284053 40 0.285713 
770 4 0.144522 58 4.75872e-08 19 0.284053 40 0.571425 
771 40 0.715947 19 0.142862 41 0.141191 59 4.75872e-08 
772 40 0.573085 53 4.75872e-08 41 0.284053 8 0.142862 
773 40 0.287372 53 4.75872e-08 41 0.284053 8 0.428575 
774 40 0.00165967 53 4.75872e-08 41 0.284053 8 0.714287 
775 8 0.715947 54 4.75872e-08 41 1.81293e-08 23 0.284053 
776 4 0.0492889 58 1.81293e-08 46 0.666658 19 0.284053 
777 4 0.0492889 58 0.285713 46 0.380945 19 0.284053 
778 4 0.0492889 58 0.571425 46 0.0952326 19 0.284053 
779 58 0.525467 40 0.19048 59 0.141191 19 0.142862 
780 58 0.239743 40 0.333342 53 0.142862 59 0.284053 
781 40 0.287372 53 0.428575 59 0.238083 41 0.0459696 
782 40 0.00165967 53 0.666658 41 0.284053 8 0.0476293 
783 8 0.333342 54 0.284053 53 0.382605 41 1.81293e-08 
784 46 0.382605 51 1.81293e-08 11 0.333342 47 0.284053 
785 46 0.382605 51 0.285713 11 0.0476293 47 0.284053 
786 19 0.238083 46 0.144522 47 0.0459697 51 0.571425 
787 58 0.239743 19 0.142862 59 0.141191 51 0.476204 
788 58 0.382605 14 0.142862 51 0.19048 59 0.284053 
789 58 0.287372 14 0.333342 59 0.284053 53 0.0952326 
790 58 0.00165967 14 0.333342 59 0.284053 53 0.380945 
791 53 0.666658 30 0.284053 14 0.049289 59 1.81293e-08 
792 51 1.81293e-08 47 4.75872e-08 27 0.284053 11 0.715947 
793 51 0.285713 47 4.75872e-08 27 0.284053 11 0.430234 
794 51 0.571425 47 4.75872e-08 27 0.284053 11 0.144522 
795 51 0.715947 50 0.141191 27 0.142862 45 4.75872e-08 
796 14 0.142862 59 4.75872e-08 50 0.284053 51 0.573085 
797 14 0.428575 59 4.75872e-08 50 0.284053 51 0.287372 
798 14 0.714287 59 4.75872e-08 50 0.284053 51 0.00165967 
799 53 2.94579e-08 30 0.284053 14 0.715947 59 1.81293e-08 
800 4 0.840039 58 1.81293e-08 46 2.94579e-08 19 0.159961 
801 4 0.554327 58 4.75872e-08 19 0.159961 40 0.285713 
802 4 0.268614 58 4.75872e-08 19 0.159961 40 0.571425 
803 40 0.840039 19 0.142862 41 0.0170988 59 4.75872e-08 
804 40 0.697177 53 4.75872e-08 41 0.159961 8 0.142862 
805 40 0.411465 53 4.75872e-08 41 0.159961 8 0.428575 
806 40 0.125752 53 4.75872e-08 41 0.159961 8 0.714287 
807 8 0.840039 54 4.75872e-08 41 1.81293e-08 23 0.159961 
808 4 0.173381 58 1.81293e-08 46 0.666658 19 0.159961 
809 4 0.173381 58 0.285713 46 0.380945 19 0.159961 
810 4 0.173381 58 0.571425 46 0.0952326 19 0.159961 
811 58 0.649559 40 0.19048 59 0.0170988 19 0.142862 
812 58 0.363835 40 0.333342 53 0.142862 59 0.159961 
813 58 0.0781227 40 0.333342 53 0.428575 59 0.159961 
814 40 0.125752 53 0.666658 41 0.159961 8 0.0476293 
815 8 0.333342 54 0.159961 53 0.506697 41 1.81293e-08 
816 46 0.506697 51 1.81293e-08 11 0.333342 47 0.159961 
817 46 0.506697 51 0.285713 11 0.0476293 47 0.159961 
818 58 0.0781226 19 0.159961 51 0.493303 46 0.268614 
819 58 0.363835 19 0.142862 59 0.0170988 51 0.476204 
820 58 0.506697 14 0.142862 51 0.19048 59 0.159961 
821 58 0.411465 14 0.333342 59 0.159961 53 0.0952326 
822 58 0.125752 14 0.333342 59 0.159961 53 0.380945 
823 53 0.666658 30 0.159961 14 0.173381 59 1.81293e-08 
824 51 1.81293e-08 47 4.75872e-08 27 0.159961 11 0.840039 
825 51 0.285713 47 4.75872e-08 27 0.159961 11 0.554327 
826 51 0.571425 47 4.75872e-08 27 0.159961 11 0.268614 
827 51 0.840039 50 0.0170988 27 0.142862 45 4.75872e-08 
828 14 0.142862 59 4.75872e-08 50 0.159961 51 0.697177 
829 14 0.428575 59 4.75872e-08 50 0.159961 51 0.411465 
830 14 0.714287 59 4.75872e-08 50 0.159961 51 0.125752 
831 53 2.94579e-08 30 0.159961 14 0.840039 59 1.81293e-08 
832 4 0.964131 58 1.81293e-08 46 2.94579e-08 19 0.0358685 
833 4 0.678419 58 4.75872e-08 19 0.0358685 40 0.285713 
834 4 0.392706 58 4.75872e-08 19 0.0358685 40 0.571425 
835 4 0.106993 58 4.75872e-08 19 0.0358685 40 0.857138 
836 40 0.82127 53 4.75872e-08 41 0.0358684 8 0.142862 
837 40 0.535557 53 4.75872e-08 41 0.0358684 8 0.428575 
838 40 0.249844 53 4.75872e-08 41 0.0358684 8 0.714287 
839 8 0.964132 54 4.75872e-08 41 1.81293e-08 23 0.0358684 
840 4 0.297474 58 1.81293e-08 46 0.666658 19 0.0358685 
841 4 0.297474 58 0.285713 46 0.380945 19 0.0358685 
842 4 0.297474 58 0.571425 46 0.0952326 19 0.0358685 
843 4 0.106993 58 0.666658 19 0.0358685 40 0.19048 
844 58 0.487928 40 0.333342 53 0.142862 59 0.0358684 
845 58 0.202215 40 0.333342 53 0.428575 59 0.0358684 
846 40 0.249844 53 0.666658 41 0.0358684 8 0.0476293 
847 8 0.333342 54 0.0358684 53 0.63079 41 1.81293e-08 
848 46 0.63079 51 1.81293e-08 11 0.333342 47 0.0358685 
849 46 0.63079 51 0.285713 11 0.0476293 47 0.0358685 
850 58 0.202215 19 0.0358685 51 0.36921 46 0.392706 
851 58 0.487928 19 0.0358685 51 0.36921 46 0.106993 
852 58 0.63079 14 0.142862 51 0.19048 59 0.0358684 
853 58 0.535557 14 0.333342 59 0.0358684 53 0.0952326 
854 58 0.249844 14 0.333342 59 0.0358684 53 0.380945 
855 53 0.666658 30 0.0358684 14 0.297474 59 1.81293e-08 
856 51 1.81293e-08 47 4.75872e-08 27 0.0358684 11 0.964132 
857 51 0.285713 47 4.75872e-08 27 0.0358684 11 0.678419 
858 51 0.571425 47 4.75872e-08 27 0.0358684 11 0.392706 
859 51 0.857138 47 4.75872e-08 27 0.0358684 11 0.106993 
860 14 0.142862 59 4.75872e-08 50 0.0358684 51 0.82127 
861 14 0.428575 59 4.75872e-08 50 0.0358684 51 0.535557 
862 14 0.714287 59 4.75872e-08 50 0.0358684 51 0.249844 
863 53 2.94579e-08 30 0.0358684 14 0.964132 59 1.81293e-08 
864 20 0.111865 4 0.888135 39 1.81293e-08 44 4.75872e-08 
865 61 4.75872e-08 4 0.714287 39 0.111865 40 0.173848 
866 61 4.75872e-08 4 0.428575 39 0.111865 40 0.459561 
867 61 4.75872e-08 4 0.142862 39 0.111865 40 0.745273 
868 52 4.75872e-08 40 0.857138 24 0.111865 8 0.0309972 
869 52 4.75872e-08 40 0.571425 24 0.111865 8 0.31671 
870 52 4.75872e-08 40 0.285713 24 0.111865 8 0.602423 
871 52 4.75872e-08 40 1.81293e-08 24 0.111865 8 0.888135 
872 61 1.81293e-08 4 0.333342 46 0.554793 44 0.111865 
873 4 0.333342 58 0.173848 61 0.111865 46 0.380945 
874 4 0.333342 58 0.459561 61 0.111865 46 0.0952326 
875 4 0.142862 58 0.554793 40 0.19048 61 0.111865 
876 58 0.411931 61 0.111865 53 0.142862 40 0.333342 
877 58 0.126219 61 0.111865 53 0.428575 40 0.333342 
878 40 0.285713 53 0.554793 8 0.0476293 52 0.111865 
879 40 1.81293e-08 53 0.554793 8 0.333342 52 0.111865 
880 57 1.81293e-08 46 0.666658 11 0.221477 28 0.111865 
881 46 0.666658 51 0.173848 57 0.111865 11 0.0476293 
882 58 0.126219 46 0.540439 51 0.221477 31 0.111865 
883 58 0.411931 46 0.254727 51 0.221477 31 0.111865 
884 58 0.666658 14 0.0309972 31 0.111865 51 0.19048 
885 58 0.571425 14 0.221477 53 0.0952326 31 0.111865 
886 58 0.285713 14 0.221477 53 0.380945 31 0.111865 
887 58 1.81293e-08 14 0.221477 53 0.666658 31 0.111865 
888 57 1.81293e-08 46 4.75872e-08 11 0.888135 28 0.111865 
889 46 4.75872e-08 51 0.173848 57 0.111865 11 0.714287 
890 46 4.75872e-08 51 0.459561 57 0.111865 11 0.428575 
891 46 4.75872e-08 51 0.745273 57 0.111865 11 0.142862 
892 58 4.75872e-08 14 0.0309972 31 0.111865 51 0.857138 
893 58 4.75872e-08 14 0.31671 31 0.111865 51 0.571425 
894 58 4.75872e-08 14 0.602423 31 0.111865 51 0.285713 
895 58 1.81293e-08 14 0.888135 53 2.94579e-08 31 0.111865 
896 20 0.269209 4 0.730791 39 1.81293e-08 44 4.75872e-08 
897 61 4.75872e-08 4 0.714287 39 0.269209 40 0.0165034 
898 61 4.75872e-08 4 0.428575 39 0.269209 40 0.302216 
899 61 4.75872e-08 4 0.142862 39 0.269209 40 0.587929 
900 52 4.75872e-08 40 0.730791 39 0.126347 24 0.142862 
901 52 4.75872e-08 40 0.571425 24 0.269209 8 0.159365 
902 52 4.75872e-08 40 0.285713 24 0.269209 8 0.445078 
903 52 4.75872e-08 40 1.81293e-08 24 0.269209 8 0.730791 
904 61 1.81293e-08 4 0.333342 46 0.397449 44 0.269209 
905 4 0.333342 58 0.0165034 61 0.269209 46 0.380945 
906 4 0.333342 58 0.302216 61 0.269209 46 0.0952326 
907 4 0.142862 58 0.397449 40 0.19048 61 0.269209 
908 58 0.254587 61 0.269209 53 0.142862 40 0.333342 
909 61 0.238083 40 0.333342 52 0.0311259 53 0.397449 
910 40 0.285713 53 0.397449 8 0.0476293 52 0.269209 
911 40 1.81293e-08 53 0.397449 8 0.333342 52 0.269209 
912 57 1.81293e-08 46 0.666658 11 0.0641327 28 0.269209 
913 46 0.666658 51 0.0165034 57 0.269209 11 0.0476293 
914 46 0.666658 51 0.0641327 31 0.238083 57 0.0311259 
915 58 0.254587 46 0.412071 51 0.0641327 31 0.269209 
916 58 0.540311 46 0.126347 51 0.0641327 31 0.269209 
917 58 0.571425 14 0.0641327 53 0.0952326 31 0.269209 
918 58 0.285713 14 0.0641327 53 0.380945 31 0.269209 
919 58 1.81293e-08 14 0.0641327 53 0.666658 31 0.269209 
920 57 1.81293e-08 46 4.75872e-08 11 0.730791 28 0.269209 
921 46 4.75872e-08 51 0.0165034 57 0.269209 11 0.714287 
922 46 4.75872e-08 51 0.302216 57 0.269209 11 0.428575 
923 46 4.75872e-08 51 0.587929 57 0.269209 11 0.142862 
924 46 4.75872e-08 51 0.730791 31 0.142862 57 0.126347 
925 58 4.75872e-08 14 0.159365 31 0.269209 51 0.571425 
926 58 4.75872e-08 14 0.445078 31 0.269209 51 0.285713 
927 58 1.81293e-08 14 0.730791 53 2.94579e-08 31 0.269209 
928 20 0.426554 4 0.573446 39 1.81293e-08 44 4.75872e-08 
929 20 0.140841 4 0.573446 39 0.285713 44 4.75872e-08 
930 61 4.75872e-08 4 0.428575 39 0.426554 40 0.144872 
931 61 4.75872e-08 4 0.142862 39 0.426554 40 0.430584 
932 52 4.75872e-08 40 0.573446 39 0.283692 24 0.142862 
933 52 4.75872e-08 40 0.571425 24 0.426554 8 0.00202069 
934 52 4.75872e-08 40 0.285713 24 0.426554 8 0.287733 
935 52 4.75872e-08 40 1.81293e-08 24 0.426554 8 0.573446 
936 61 1.81293e-08 4 0.333342 46 0.240104 44 0.426554 
937 61 0.285713 4 0.333342 46 0.240104 44 0.140841 
938 4 0.333342 58 0.144872 61 0.426554 46 0.0952326 
939 4 0.142862 58 0.240104 40 0.19048 61 0.426554 
940 58 0.0972422 61 0.426554 53 0.142862 40 0.333342 
941 61 0.238083 40 0.333342 52 0.188471 53 0.240104 
942 40 0.285713 53 0.240104 8 0.0476293 52 0.426554 
943 40 1.81293e-08 53 0.240104 8 0.333342 52 0.426554 
944 35 1.81293e-08 44 0.0932119 46 0.573446 28 0.333342 
945 35 0.0932119 57 0.192501 28 0.0476293 46 0.666658 
946 46 0.573446 61 0.0932119 57 0.18847 31 0.144872 
947 58 0.0972422 46 0.476204 31 0.333342 61 0.0932119 
948 58 0.382966 46 0.19048 31 0.333342 61 0.0932119 
949 58 0.478213 61 0.0932119 31 0.333342 53 0.0952326 
950 58 0.192501 61 0.0932119 31 0.333342 53 0.380945 
951 61 1.81293e-08 31 0.333342 53 0.573446 52 0.0932119 
952 57 1.81293e-08 46 4.75872e-08 11 0.573446 28 0.426554 
953 57 0.285713 46 4.75872e-08 11 0.573446 28 0.140841 
954 46 4.75872e-08 51 0.144872 57 0.426554 11 0.428575 
955 46 4.75872e-08 51 0.430584 57 0.426554 11 0.142862 
956 46 4.75872e-08 51 0.573446 31 0.142862 57 0.283692 
957 58 4.75872e-08 14 0.00202069 31 0.426554 51 0.571425 
958 58 4.75872e-08 14 0.287733 31 0.426554 51 0.285713 
959 58 1.81293e-08 14 0.573446 53 2.94579e-08 31 0.426554 
960 20 0.583898 4 0.416102 39 1.81293e-08 44 4.75872e-08 
961 20 0.298186 4 0.416102 39 0.285713 44 4.75872e-08 
962 20 0.0124731 4 0.416102 39 0.571425 44 4.75872e-08 
963 61 4.75872e-08 4 0.142862 39 0.583898 40 0.27324 
964 52 4.75872e-08 40 0.416101 39 0.441037 24 0.142862 
965 52 4.75872e-08 40 0.416101 39 0.155324 24 0.428575 
966 52 4.75872e-08 40 0.285713 24 0.583898 8 0.130389 
967 52 4.75872e-08 40 1.81293e-08 24 0.583898 8 0.416101 
968 61 1.81293e-08 4 0.333342 46 0.0827595 44 0.583898 
969 61 0.285713 4 0.333342 46 0.0827595 44 0.298186 
970 61 0.571425 4 0.333342 46 0.0827595 44 0.0124731 
971 4 0.142862 58 0.0827595 40 0.19048 61 0.583899 
972 61 0.523796 40 0.333342 52 0.0601024 53 0.0827595 
973 61 0.238083 40 0.333342 52 0.345815 53 0.0827595 
974 40 0.285713 53 0.0827595 8 0.0476293 52 0.583899 
975 40 1.81293e-08 53 0.0827595 8 0.333342 52 0.583899 
976 35 1.81293e-08 44 0.250556 46 0.416102 28 0.333342 
977 35 0.250557 57 0.0351562 28 0.0476293 46 0.666658 
978 61 0.238083 35 0.0124731 46 0.428575 57 0.320869 
979 46 0.416101 61 0.250557 57 0.0601024 31 0.27324 
980 58 0.225621 46 0.19048 31 0.333342 61 0.250557 
981 58 0.320869 61 0.250557 31 0.333342 53 0.0952326 
982 58 0.0351562 61 0.250557 31 0.333342 53 0.380945 
983 61 1.81293e-08 31 0.333342 53 0.416101 52 0.250557 
984 57 1.81293e-08 46 4.75872e-08 11 0.416101 28 0.583898 
985 57 0.285713 46 4.75872e-08 11 0.416101 28 0.298186 
986 57 0.571425 46 4.75872e-08 11 0.416101 28 0.0124731 
987 46 4.75872e-08 51 0.27324 57 0.583899 11 0.142862 
988 46 4.75872e-08 51 0.416101 31 0.142862 57 0.441037 
989 46 4.75872e-08 51 0.416101 31 0.428575 57 0.155324 
990 58 4.75872e-08 14 0.130389 31 0.583899 51 0.285713 
991 58 1.81293e-08 14 0.416101 53 2.94579e-08 31 0.583899 
992 20 0.741243 4 0.258757 39 1.81293e-08 44 4.75872e-08 
993 20 0.45553 4 0.258757 39 0.285713 44 4.75872e-08 
994 20 0.169818 4 0.258757 39 0.571425 44 4.75872e-08 
995 61 4.75872e-08 4 0.142862 39 0.741243 40 0.115895 
996 52 4.75872e-08 40 0.258757 39 0.598381 24 0.142862 
997 52 4.75872e-08 40 0.258757 39 0.312669 24 0.428575 
998 52 4.75872e-08 40 0.258757 39 0.0269558 24 0.714287 
999 52 4.75872e-08 40 1.81293e-08 24 0.741243 8 0.258757 
1000 20 0.0745851 4 0.258757 39 1.81293e-08 44 0.666658 
1001 61 0.211128 4 0.258757 44 0.45553 39 0.0745851 
1002 61 0.49684 4 0.258757 44 0.169818 39 0.0745851 
1003 61 0.666658 4 0.142862 39 0.0745851 40 0.115895 
1004 61 0.523796 52 0.142862 40 0.258757 39 0.0745851 
1005 61 0.238083 52 0.428575 40 0.258757 39 0.0745851 
1006 52 0.666658 40 0.258757 39 0.0269558 24 0.0476293 
1007 52 0.666658 40 1.81293e-08 24 0.0745851 8 0.258757 
1008 35 1.81293e-08 44 0.407901 46 0.258757 28 0.333342 
1009 35 0.285713 44 0.122188 46 0.54447 28 0.0476293 
1010 61 0.238083 35 0.169818 46 0.428575 57 0.163524 
1011 46 0.258757 61 0.407901 57 0.217447 31 0.115895 
1012 58 0.0682768 46 0.19048 31 0.333342 61 0.407901 
1013 58 0.163524 61 0.407901 31 0.333342 53 0.0952326 
1014 61 0.285713 31 0.333342 53 0.258757 52 0.122188 
1015 61 1.81293e-08 31 0.333342 53 0.258757 52 0.407901 
1016 57 1.81293e-08 46 4.75872e-08 11 0.258757 28 0.741243 
1017 57 0.285713 46 4.75872e-08 11 0.258757 28 0.45553 
1018 57 0.571425 46 4.75872e-08 11 0.258757 28 0.169818 
1019 46 4.75872e-08 51 0.115895 57 0.741243 11 0.142862 
1020 46 4.75872e-08 51 0.258757 31 0.142862 57 0.598381 
1021 46 4.75872e-08 51 0.258757 31 0.428575 57 0.312668 
1022 46 4.75872e-08 51 0.258757 31 0.714287 57 0.0269558 
1023 58 1.81293e-08 14 0.258757 53 2.94579e-08 31 0.741243 
1024 20 0.898588 4 0.101412 39 1.81293e-08 44 4.75872e-08 
1025 20 0.612875 4 0.101412 39 0.285713 44 4.75872e-08 
1026 20 0.327162 4 0.101412 39 0.571425 44 4.75872e-08 
1027 20 0.0414496 4 0.101412 39 0.857138 44 4.75872e-08 
1028 52 4.75872e-08 40 0.101412 39 0.755726 24 0.142862 
1029 52 4.75872e-08 40 0.101412 39 0.470013 24 0.428575 
1030 52 4.75872e-08 40 0.101412 39 0.1843 24 0.714287 
1031 52 4.75872e-08 40 1.81293e-08 24 0.898588 8 0.101412 
1032 20 0.23193 4 0.101412 39 1.81293e-08 44 0.666658 
1033 61 0.053783 4 0.101412 44 0.612875 39 0.23193 
1034 61 0.339496 4 0.101412 44 0.327162 39 0.23193 
1035 61 0.625208 4 0.101412 44 0.0414496 39 0.23193 
1036 61 0.523796 52 0.142862 40 0.101412 39 0.23193 
1037 61 0.238083 52 0.428575 40 0.101412 39 0.23193 
1038 52 0.666658 40 0.101412 39 0.1843 24 0.0476293 
1039 52 0.666658 40 1.81293e-08 24 0.23193 8 0.101412 
1040 35 1.81293e-08 44 0.565246 46 0.101412 28 0.333342 
1041 35 0.285713 44 0.279533 46 0.387125 28 0.0476293 
1042 61 0.238083 35 0.327162 46 0.428575 57 0.00617966 
1043 61 0.523796 35 0.0414496 46 0.142862 57 0.291892 
1044 46 0.101412 61 0.565246 57 0.0890678 31 0.244274 
1045 58 0.00617964 61 0.565246 31 0.333342 53 0.0952326 
1046 61 0.285713 31 0.333342 53 0.101412 52 0.279533 
1047 61 1.81293e-08 31 0.333342 53 0.101412 52 0.565246 
1048 57 1.81293e-08 46 4.75872e-08 11 0.101412 28 0.898588 
1049 57 0.285713 46 4.75872e-08 11 0.101412 28 0.612875 
1050 57 0.571425 46 4.75872e-08 11 0.101412 28 0.327162 
1051 57 0.857138 46 4.75872e-08 11 0.101412 28 0.0414496 
1052 46 4.75872e-08 51 0.101412 31 0.142862 57 0.755726 
1053 46 4.75872e-08 51 0.101412 31 0.428575 57 0.470013 
1054 46 4.75872e-08 51 0.101412 31 0.714287 57 0.1843 
1055 58 1.81293e-08 14 0.101412 53 2.94579e-08 31 0.898588 
1056 5 0.0559323 20 0.944068 32 1.81293e-08 33 4.75872e-08 
1057 20 0.714287 33 4.75872e-08 39 0.22978 32 0.0559323 
1058 20 0.428575 33 4.75872e-08 39 0.515493 32 0.0559323 
1059 20 0.142862 33 4.75872e-08 39 0.801206 32 0.0559323 
1060 34 4.75872e-08 39 0.857138 9 0.0559323 24 0.0869296 
1061 34 4.75872e-08 39 0.571425 9 0.0559323 24 0.372642 
1062 34 4.75872e-08 39 0.285713 9 0.0559323 24 0.658355 
1063 34 4.75872e-08 39 1.81293e-08 9 0.0559323 24 0.944068 
1064 20 0.333342 33 0.0559323 44 0.610726 39 1.81293e-08 
1065 20 0.0476293 33 0.0559323 44 0.610726 39 0.285713 
1066 61 0.126219 34 0.0559323 39 0.333342 44 0.484507 
1067 61 0.411931 34 0.0559323 39 0.333342 44 0.198794 
1068 61 0.523796 52 0.0869296 39 0.333342 34 0.0559323 
1069 61 0.238083 52 0.372642 39 0.333342 34 0.0559323 
1070 52 0.610726 34 0.0559324 24 0.0476293 39 0.285713 
1071 52 0.610726 34 0.0559324 24 0.333342 39 1.81293e-08 
1072 35 1.81293e-08 44 0.666658 28 0.27741 12 0.0559323 
1073 35 0.285713 44 0.436878 46 0.22978 28 0.0476293 
1074 61 0.238083 35 0.333342 44 0.151165 46 0.27741 
1075 61 0.523796 35 0.198794 46 0.142862 57 0.134548 
1076 61 0.666658 31 0.0869296 15 0.0559323 57 0.19048 
1077 61 0.571425 31 0.27741 52 0.0952326 15 0.0559323 
1078 61 0.285713 31 0.27741 52 0.380945 15 0.0559324 
1079 61 1.81293e-08 31 0.27741 52 0.666658 15 0.0559324 
1080 35 1.81293e-08 44 4.75872e-08 28 0.944068 12 0.0559323 
1081 35 0.0559324 57 0.22978 28 0.714287 46 4.75872e-08 
1082 35 0.0559324 57 0.515493 28 0.428575 46 4.75872e-08 
1083 35 0.0559324 57 0.801206 28 0.142862 46 4.75872e-08 
1084 61 4.75872e-08 31 0.0869296 15 0.0559323 57 0.857138 
1085 61 4.75872e-08 31 0.372642 15 0.0559323 57 0.571425 
1086 61 4.75872e-08 31 0.658355 15 0.0559324 57 0.285713 
1087 61 1.81293e-08 31 0.944068 52 2.94579e-08 15 0.0559324 
1088 5 0.213277 20 0.786723 32 1.81293e-08 33 4.75872e-08 
1089 20 0.714287 33 4.75872e-08 39 0.0724358 32 0.213277 
1090 20 0.428575 33 4.75872e-08 39 0.358148 32 0.213277 
1091 20 0.142862 33 4.75872e-08 39 0.643861 32 0.213277 
1092 32 0.070415 39 0.786723 9 0.142862 43 4.75872e-08 
1093 34 4.75872e-08 39 0.571425 9 0.213277 24 0.215298 
1094 34 4.75872e-08 39 0.285713 9 0.213277 24 0.50101 
1095 34 4.75872e-08 39 1.81293e-08 9 0.213277 24 0.786723 
1096 20 0.333342 33 0.213277 44 0.453381 39 1.81293e-08 
1097 20 0.0476293 33 0.213277 44 0.453381 39 0.285713 
1098 34 0.0248065 39 0.333342 44 0.453381 43 0.18847 
1099 61 0.0972422 34 0.213277 39 0.333342 44 0.356139 
1100 61 0.382966 34 0.213277 39 0.333342 44 0.070415 
1101 61 0.238083 52 0.215298 39 0.333342 34 0.213277 
1102 52 0.453381 34 0.213277 24 0.0476293 39 0.285713 
1103 52 0.453381 34 0.213277 24 0.333342 39 1.81293e-08 
1104 35 1.81293e-08 44 0.666658 28 0.120065 12 0.213277 
1105 35 0.285713 44 0.594222 46 0.0724358 28 0.0476293 
1106 61 0.238083 35 0.333342 44 0.30851 46 0.120065 
1107 61 0.523796 35 0.333342 44 0.0227969 46 0.120065 
1108 15 0.142862 61 0.666658 57 0.120065 35 0.070415 
1109 61 0.571425 31 0.120065 52 0.0952326 15 0.213277 
1110 61 0.285713 31 0.120065 52 0.380945 15 0.213277 
1111 61 1.81293e-08 31 0.120065 52 0.666658 15 0.213277 
1112 35 1.81293e-08 44 4.75872e-08 28 0.786723 12 0.213277 
1113 35 0.213277 57 0.0724357 28 0.714287 46 4.75872e-08 
1114 35 0.213277 57 0.358148 28 0.428575 46 4.75872e-08 
1115 35 0.213277 57 0.643861 28 0.142862 46 4.75872e-08 
1116 15 0.142862 61 4.75872e-08 57 0.786723 35 0.070415 
1117 61 4.75872e-08 31 0.215298 15 0.213277 57 0.571425 
1118 61 4.75872e-08 31 0.50101 15 0.213277 57 0.285713 
1119 61 1.81293e-08 31 0.786723 52 2.94579e-08 15 0.213277 
1120 5 0.370621 20 0.629378 32 1.81293e-08 33 4.75872e-08 
1121 5 0.0849088 20 0.629378 32 0.285713 33 4.75872e-08 
1122 20 0.428575 33 4.75872e-08 39 0.200804 32 0.370622 
1123 20 0.142862 33 4.75872e-08 39 0.486517 32 0.370622 
1124 32 0.22776 39 0.629378 9 0.142862 43 4.75872e-08 
1125 34 4.75872e-08 39 0.571425 9 0.370622 24 0.057953 
1126 34 4.75872e-08 39 0.285713 9 0.370622 24 0.343666 
1127 34 4.75872e-08 39 1.81293e-08 9 0.370622 24 0.629378 
1128 20 0.333342 33 0.370622 44 0.296036 39 1.81293e-08 
1129 20 0.0476293 33 0.370622 44 0.296036 39 0.285713 
1130 33 0.132538 44 0.296036 39 0.333342 43 0.238083 
1131 34 0.153175 39 0.333342 44 0.296036 43 0.217447 
1132 61 0.0682768 34 0.370622 39 0.333342 44 0.22776 
1133 61 0.238083 52 0.057953 39 0.333342 34 0.370622 
1134 52 0.296036 34 0.370622 24 0.0476293 39 0.285713 
1135 52 0.296036 34 0.370622 24 0.333342 39 1.81293e-08 
1136 33 0.0372796 44 0.629378 43 1.81293e-08 12 0.333342 
1137 35 0.248433 44 0.629378 12 0.0849088 43 0.0372796 
1138 61 0.163524 34 0.0372796 44 0.465854 35 0.333342 
1139 61 0.449237 34 0.0372796 44 0.180141 35 0.333342 
1140 15 0.105582 61 0.629378 35 0.22776 34 0.0372796 
1141 15 0.333342 61 0.571425 34 0.0372796 52 0.057953 
1142 15 0.333342 61 0.285713 34 0.0372796 52 0.343666 
1143 15 0.333342 61 1.81293e-08 34 0.0372796 52 0.629378 
1144 35 1.81293e-08 44 4.75872e-08 28 0.629378 12 0.370622 
1145 35 0.285713 44 4.75872e-08 28 0.629378 12 0.0849088 
1146 35 0.370622 57 0.200804 28 0.428575 46 4.75872e-08 
1147 35 0.370622 57 0.486516 28 0.142862 46 4.75872e-08 
1148 15 0.142862 61 4.75872e-08 57 0.629378 35 0.22776 
1149 61 4.75872e-08 31 0.057953 15 0.370622 57 0.571425 
1150 61 4.75872e-08 31 0.343666 15 0.370622 57 0.285713 
1151 61 1.81293e-08 31 0.629378 52 2.94579e-08 15 0.370622 
1152 5 0.527966 20 0.472034 32 1.81293e-08 33 4.75872e-08 
1153 5 0.242253 20 0.472034 32 0.285713 33 4.75872e-08 
1154 20 0.428575 33 4.75872e-08 39 0.0434593 32 0.527966 
1155 20 0.142862 33 4.75872e-08 39 0.329172 32 0.527966 
1156 32 0.385104 39 0.472034 9 0.142862 43 4.75872e-08 
1157 32 0.0993915 39 0.472034 9 0.428575 43 4.75872e-08 
1158 34 4.75872e-08 39 0.285713 9 0.527966 24 0.186321 
1159 34 4.75872e-08 39 1.81293e-08 9 0.527966 24 0.472034 
1160 20 0.333342 33 0.527966 44 0.138692 39 1.81293e-08 
1161 20 0.0476293 33 0.527966 44 0.138692 39 0.285713 
1162 33 0.289883 44 0.138692 39 0.333342 43 0.238083 
1163 33 0.00417007 44 0.138692 39 0.333342 43 0.523796 
1164 34 0.281554 39 0.333342 44 0.138692 43 0.246412 
1165 61 0.0393003 34 0.527966 39 0.333342 44 0.0993916 
1166 52 0.138692 34 0.527966 24 0.0476293 39 0.285713 
1167 52 0.138692 34 0.527966 24 0.333342 39 1.81293e-08 
1168 33 0.194624 44 0.472034 43 1.81293e-08 12 0.333342 
1169 35 0.0910885 44 0.472034 12 0.242253 43 0.194624 
1170 34 0.0434592 35 0.333342 43 0.151165 44 0.472034 
1171 61 0.134548 34 0.194624 44 0.337486 35 0.333342 
1172 61 0.420272 34 0.194624 44 0.0517623 35 0.333342 
1173 15 0.23395 61 0.472034 35 0.0993916 34 0.194624 
1174 15 0.333342 61 0.285713 34 0.194624 52 0.186321 
1175 15 0.333342 61 1.81293e-08 34 0.194624 52 0.472034 
1176 35 1.81293e-08 44 4.75872e-08 28 0.472034 12 0.527966 
1177 35 0.285713 44 4.75872e-08 28 0.472034 12 0.242253 
1178 35 0.527966 57 0.0434592 28 0.428575 46 4.75872e-08 
1179 35 0.527966 57 0.329172 28 0.142862 46 4.75872e-08 
1180 15 0.142862 61 4.75872e-08 57 0.472034 35 0.385104 
1181 15 0.428575 61 4.75872e-08 57 0.472034 35 0.0993916 
1182 61 4.75872e-08 31 0.186321 15 0.527966 57 0.285713 
1183 61 1.81293e-08 31 0.472034 52 2.94579e-08 15 0.527966 
1184 5 0.685311 20 0.314689 32 1.81293e-08 33 4.75872e-08 
1185 5 0.399598 20 0.314689 32 0.285713 33 4.75872e-08 
1186 5 0.113885 20 0.314689 32 0.571425 33 4.75872e-08 
1187 20 0.142862 33 4.75872e-08 39 0.171827 32 0.685311 
1188 32 0.542449 39 0.314689 9 0.142862 43 4.75872e-08 
1189 32 0.256736 39 0.314689 9 0.428575 43 4.75872e-08 
1190 34 4.75872e-08 39 0.285713 9 0.685311 24 0.0289765 
1191 34 4.75872e-08 39 1.81293e-08 9 0.685311 24 0.314689 
1192 5 0.0186527 20 0.314689 32 1.81293e-08 33 0.666658 
1193 20 0.0476293 33 0.666658 39 0.26706 32 0.0186528 
1194 33 0.428575 32 0.0186528 43 0.238083 39 0.314689 
1195 33 0.142862 32 0.0186528 43 0.523796 39 0.314689 
1196 34 0.124209 39 0.314689 43 0.542449 9 0.0186528 
1197 34 0.409922 39 0.314689 43 0.256736 9 0.0186528 
1198 34 0.666658 39 0.285713 9 0.0186528 24 0.0289765 
1199 34 0.666658 39 1.81293e-08 9 0.0186528 24 0.314689 
1200 33 0.351969 44 0.314689 43 1.81293e-08 12 0.333342 
1201 33 0.0662561 44 0.314689 43 0.285713 12 0.333342 
1202 35 0.219457 44 0.314689 12 0.113885 43 0.351969 
1203 34 0.171827 35 0.333342 43 0.180141 44 0.314689 
1204 61 0.105582 34 0.351969 44 0.209107 35 0.333342 
1205 15 0.0766058 61 0.314689 35 0.256736 34 0.351969 
1206 15 0.333342 61 0.285713 34 0.351969 52 0.0289765 
1207 15 0.333342 61 1.81293e-08 34 0.351969 52 0.314689 
1208 35 1.81293e-08 44 4.75872e-08 28 0.314689 12 0.685311 
1209 35 0.285713 44 4.75872e-08 28 0.314689 12 0.399598 
1210 35 0.571425 44 4.75872e-08 28 0.314689 12 0.113885 
1211 35 0.685311 57 0.171827 28 0.142862 46 4.75872e-08 
1212 15 0.142862 61 4.75872e-08 57 0.314689 35 0.542449 
1213 15 0.428575 61 4.75872e-08 57 0.314689 35 0.256736 
1214 61 4.75872e-08 31 0.0289765 15 0.685311 57 0.285713 
1215 61 1.81293e-08 31 0.314689 52 2.94579e-08 15 0.685311 
1216 5 0.842655 20 0.157345 32 1.81293e-08 33 4.75872e-08 
1217 5 0.556943 20 0.157345 32 0.285713 33 4.75872e-08 
1218 5 0.27123 20 0.157345 32 0.571425 33 4.75872e-08 
1219 20 0.142862 33 4.75872e-08 39 0.0144827 32 0.842655 
1220 32 0.699793 39 0.157345 9 0.142862 43 4.75872e-08 
1221 32 0.414081 39 0.157345 9 0.428575 43 4.75872e-08 
1222 32 0.128368 39 0.157345 9 0.714287 43 4.75872e-08 
1223 34 4.75872e-08 39 1.81293e-08 9 0.842655 24 0.157345 
1224 5 0.175997 20 0.157345 32 1.81293e-08 33 0.666658 
1225 20 0.0476293 33 0.666658 39 0.109715 32 0.175997 
1226 33 0.428575 32 0.175997 43 0.238083 39 0.157345 
1227 33 0.142862 32 0.175997 43 0.523796 39 0.157345 
1228 32 0.0331355 39 0.157345 9 0.142862 43 0.666658 
1229 34 0.252577 39 0.157345 43 0.414081 9 0.175997 
1230 34 0.53829 39 0.157345 43 0.128368 9 0.175997 
1231 34 0.666658 39 1.81293e-08 9 0.175997 24 0.157345 
1232 33 0.509313 44 0.157345 43 1.81293e-08 12 0.333342 
1233 33 0.223601 44 0.157345 43 0.285713 12 0.333342 
1234 35 0.062112 44 0.157345 12 0.27123 43 0.509313 
1235 34 0.0144827 35 0.333342 43 0.494831 44 0.157345 
1236 34 0.300207 35 0.333342 43 0.209107 44 0.157345 
1237 61 0.0766058 34 0.509313 44 0.0807388 35 0.333342 
1238 15 0.204974 61 0.157345 35 0.128368 34 0.509313 
1239 15 0.333342 61 1.81293e-08 34 0.509313 52 0.157345 
1240 35 1.81293e-08 44 4.75872e-08 28 0.157345 12 0.842655 
1241 35 0.285713 44 4.75872e-08 28 0.157345 12 0.556943 
1242 35 0.571425 44 4.75872e-08 28 0.157345 12 0.27123 
1243 35 0.842655 57 0.0144826 28 0.142862 46 4.75872e-08 
1244 15 0.142862 61 4.75872e-08 57 0.157345 35 0.699793 
1245 15 0.428575 61 4.75872e-08 57 0.157345 35 0.414081 
1246 15 0.714287 61 4.75872e-08 57 0.157345 35 0.128368 
1247 61 1.81293e-08 31 0.157345 52 2.94579e-08 15 0.842655 
1248 5 1 20 0 32 1.81293e-08 33 4.75872e-08 
1249 5 0.714287 20 0 32 0.285713 33 4.75872e-08 
1250 5 0.428575 20 0 32 0.571425 33 4.75872e-08 
1251 5 0.142862 20 0 32 0.857138 33 4.75872e-08 
1252 32 0.857138 39 0 9 0.142862 43 4.75872e-08 
1253 32 0.571425 39 0 9 0.428575 43 4.75872e-08 
1254 32 0.285713 39 0 9 0.714287 43 4.75872e-08 
1255 34 2.94579e-08 39 0 43 1.81293e-08 9 1 
1256 5 0.333342 20 0 32 1.81293e-08 33 0.666658 
1257 5 0.0476293 20 0 32 0.285713 33 0.666658 
1258 33 0.428575 32 0.333342 43 0.238083 39 0 
1259 33 0.142862 32 0.333342 43 0.523796 39 0 
1260 32 0.19048 39 0 9 0.142862 43 0.666658 
1261 34 0.0952326 39 0 43 0.571425 9 0.333342 
1262 34 0.380945 39 0 43 0.285713 9 0.333342 
1263 34 0.666658 39 0 43 1.81293e-08 9 0.333342 
1264 33 0.666658 44 0 43 1.81293e-08 12 0.333342 
1265 33 0.380945 44 0 43 0.285713 12 0.333342 
1266 33 0.0952326 44 0 43 0.571425 12 0.333342 
1267 35 0.19048 44 0 12 0.142862 43 0.666658 
1268 34 0.142862 35 0.333342 43 0.523796 44 1.11022e-16 
1269 34 0.428575 35 0.333342 43 0.238083 44 1.11022e-16 
1270 15 0.0476293 61 0 35 0.285713 34 0.666658 
1271 15 0.333342 61 0 35 1.81293e-08 34 0.666658 
1272 33 2.94579e-08 44 0 43 1.81293e-08 12 1 
1273 35 0.285713 44 0 12 0.714287 43 4.75872e-08 
1274 35 0.571425 44 0 12 0.428575 43 4.75872e-08 
1275 35 0.857138 44 0 12 0.142862 43 4.75872e-08 
1276 15 0.142862 61 0 35 0.857138 34 4.75872e-08 
1277 15 0.428575 61 0 35 0.571425 34 4.75872e-08 
1278 15 0.714287 61 0 35 0.285713 34 4.75872e-08 
1279 15 1 61 0 35 1.81293e-08 34 4.75872e-08 
